cxxfilt
0.0000522 186
0.0072604 303 33
0.0144061 307 33
0.0216073 311 34
0.0287965 316 35
0.0360042 320 35
0.0432199 324 35
0.0504443 328 37
0.0576621 332 37
0.0648588 336 37
0.0720659 340 37
0.0792475 344 37
0.0864405 348 38
0.0936547 352 38
0.1008689 356 38
0.1080789 360 38
0.1152890 364 39
0.1224887 368 39
0.1296811 372 40
0.1368802 375 40
0.1441089 379 40
0.1513048 383 40
0.1585222 387 41
0.1657201 390 42
0.1729314 394 42
0.1801292 398 43
0.1873188 401 44
0.1945133 405 44
0.2017217 408 46
0.2089431 412 46
0.2161670 415 46
0.2233892 419 46
0.2305811 422 46
0.2377902 426 47
0.2449799 429 47
0.2521762 433 49
0.2593834 436 51
0.2665822 439 51
0.2737737 443 52
0.2809757 446 53
0.2881908 449 53
0.2953921 452 54
0.3025901 456 54
0.3098047 459 55
0.3170066 462 55
0.3242005 465 55
0.3314093 468 55
0.3386067 471 55
0.3457917 474 55
0.3530011 477 56
0.3602118 480 57
0.3674227 483 57
0.3746116 486 57
0.3818047 489 57
0.3890081 492 57
0.3962215 495 59
0.4034202 498 59
0.4106103 501 59
0.4178314 504 59
0.4250430 507 59
0.4322366 510 60
0.4394401 512 60
0.4466137 515 60
0.4537983 518 60
0.4609886 521 60
0.4681709 523 60
0.4753999 526 62
0.4826070 529 62
0.4897917 531 62
0.4969936 534 62
0.5042028 537 63
0.5113853 539 63
0.5185814 542 63
0.5257571 544 63
0.5329632 547 63
0.5401599 550 63
0.5473452 552 63
0.5545448 555 64
0.5617635 557 64
0.5689782 559 65
0.5761718 562 65
0.5833554 564 65
0.5905748 567 65
0.5977876 569 65
0.6049841 572 65
0.6122054 574 65
0.6194113 576 66
0.6266303 579 66
0.6338270 581 66
0.6410359 583 66
0.6482250 585 66
0.6554228 588 66
0.6626322 590 66
0.6698484 592 66
0.6770325 594 66
0.6842275 597 67
0.6914280 599 67
0.6986083 601 67
0.7058350 603 67
0.7130472 605 67
0.7202655 607 67
0.7274686 609 67
0.7346671 611 68
0.7418626 614 68
0.7490650 616 68
0.7562498 618 68
0.7634587 620 68
0.7706706 622 68
0.7778693 624 68
0.7850507 626 68
0.7922354 628 68
0.7994516 630 68
0.8066766 632 68
0.8138835 633 68
0.8210809 635 68
0.8282479 637 68
0.8354485 639 68
0.8426277 641 68
0.8498172 643 68
0.8570176 645 68
0.8642005 647 68
0.8714065 648 68
0.8786089 650 68
0.8858113 652 68
0.8930060 654 68
0.9002100 656 68
0.9074241 657 68
0.9146219 659 68
0.9218434 661 68
0.9290479 662 68
0.9362518 664 68
0.9434675 666 68
0.9506623 668 68
0.9578827 669 68
0.9650825 671 68
0.9722943 673 68
0.9795003 674 68
0.9866943 676 68
0.9938774 677 68
1.0010895 679 68
1.0082848 681 68
1.0154899 682 68
1.0226614 684 68
1.0298628 685 68
1.0370857 687 68
1.0442762 688 68
1.0514865 690 68
1.0587014 691 68
1.0658889 693 68
1.0730922 694 68
1.0802953 696 68
1.0875063 697 68
1.0947092 699 68
1.1019031 700 68
1.1091234 702 68
1.1163240 703 68
1.1235323 704 68
1.1307184 706 68
1.1379233 707 68
1.1451119 709 68
1.1523305 710 68
1.1595419 711 68
1.1667380 713 68
1.1739330 714 68
1.1811352 715 68
1.1883505 717 68
1.1955587 718 68
1.2027737 719 68
1.2099606 721 68
1.2171568 722 68
1.2243410 723 68
1.2315293 724 68
1.2387321 726 68
1.2459416 727 68
1.2531244 728 69
1.2603072 729 69
1.2675032 731 69
1.2747051 732 69
1.2819100 733 69
1.2891198 734 69
1.2963182 735 69
1.3035081 737 69
1.3107085 738 69
1.3178844 739 69
1.3251015 740 69
1.3323085 741 69
1.3395065 742 69
1.3467007 744 69
1.3538964 745 69
1.3611057 746 69
1.3683091 747 69
1.3755188 748 69
1.3827315 749 69
1.3899391 750 69
1.3971425 751 69
1.4043427 752 69
1.4115525 753 69
1.4187411 754 69
1.4259421 755 69
1.4331472 757 69
1.4403595 758 69
1.4475480 759 69
1.4547553 760 69
1.4619759 761 69
1.4691731 762 69
1.4763891 763 69
1.4835897 764 69
1.4907819 765 69
1.4979704 766 69
1.5051764 766 69
1.5123738 767 69
1.5195601 768 69
1.5267571 769 69
1.5339660 770 69
1.5411721 771 69
1.5483810 772 69
1.5555879 773 69
1.5627639 774 69
1.5699746 775 69
1.5771724 776 69
1.5843750 777 69
1.5915639 778 69
1.5987608 778 69
1.6059687 779 69
1.6131655 780 69
1.6203712 781 69
1.6275749 782 69
1.6347921 783 69
1.6419744 784 69
1.6491628 784 69
1.6563503 785 69
1.6635331 786 69
1.6707372 787 69
1.6779372 788 69
1.6851286 788 69
1.6923221 789 69
1.6995266 790 69
1.7067029 791 69
1.7138948 792 69
1.7211157 792 69
1.7283128 793 69
1.7355154 794 69
1.7427174 795 69
1.7499283 795 69
1.7571331 796 69
1.7643392 797 69
1.7715346 798 69
1.7787592 798 69
1.7859676 799 69
1.7931652 800 69
1.8003681 801 69
1.8075691 801 69
1.8147948 802 69
1.8219830 803 69
1.8291795 803 69
1.8364112 804 69
1.8436127 805 69
1.8508252 806 69
1.8580266 806 69
1.8652252 807 69
1.8723928 808 69
1.8795914 808 69
1.8867939 809 69
1.8939981 809 69
1.9012088 810 69
1.9084188 811 69
1.9156235 811 69
1.9228342 812 69
1.9300401 813 69
1.9372340 813 69
1.9444228 814 69
1.9516050 815 69
1.9588134 815 69
1.9660075 816 69
1.9732004 816 69
1.9804088 817 70
1.9876369 818 70
1.9948283 818 70
2.0020302 819 70
2.0092319 819 70
2.0164360 820 70
2.0236368 820 70
2.0308313 821 70
2.0380132 822 70
2.0452002 822 70
2.0523988 823 70
2.0595924 823 70
2.0667939 824 70
2.0740058 824 70
2.0811736 825 70
2.0883665 825 71
2.0955599 826 71
2.1027517 827 71
2.1099809 827 71
2.1171873 828 71
2.1243939 828 71
2.1315933 829 71
2.1387861 829 71
2.1459944 830 71
2.1531982 830 71
2.1603996 831 71
2.1676215 831 71
2.1748366 832 71
2.1820346 832 71
2.1892187 833 71
2.1964195 833 71
2.2036055 834 72
2.2108259 834 72
2.2180194 835 72
2.2251958 835 72
2.2323855 835 72
2.2395550 836 72
2.2467577 836 72
2.2539651 837 72
2.2611537 837 72
2.2683501 838 72
2.2755242 838 72
2.2827075 839 72
2.2898936 839 72
2.2971078 840 72
2.3042876 840 72
2.3114799 840 72
2.3186972 841 72
2.3258847 841 72
2.3330909 842 72
2.3402997 842 72
2.3474877 842 72
2.3546725 843 72
2.3618718 843 72
2.3690537 844 72
2.3762506 844 72
2.3834679 845 72
2.3906872 845 72
2.3978831 845 72
2.4050829 846 72
2.4122744 846 72
2.4194616 846 72
2.4266616 847 72
2.4338729 847 72
2.4410753 848 72
2.4482690 848 72
2.4554408 848 72
2.4626447 849 72
2.4698334 849 72
2.4770322 849 72
2.4842374 850 72
2.4914567 850 72
2.4986549 851 72
2.5058562 851 72
2.5130671 851 73
2.5202810 852 73
2.5274552 852 73
2.5346824 852 73
2.5418873 853 73
2.5490917 853 73
2.5562979 853 73
2.5634832 854 73
2.5706625 854 73
2.5778763 854 73
2.5850670 855 73
2.5922531 855 73
2.5994462 855 73
2.6066341 856 73
2.6138478 856 73
2.6210265 856 73
2.6282148 857 73
2.6354211 857 73
2.6426387 857 73
2.6498339 857 73
2.6570097 858 73
2.6642114 858 73
2.6714144 858 73
2.6786147 859 73
2.6858055 859 73
2.6930151 859 73
2.7002325 860 73
2.7074358 860 73
2.7146488 860 73
2.7218478 860 73
2.7290446 861 73
2.7362285 861 73
2.7434431 861 73
2.7506389 862 73
2.7578393 862 73
2.7650406 862 73
2.7722233 862 73
2.7794328 863 73
2.7866196 863 73
2.7938180 863 73
2.8010284 863 73
2.8082278 864 73
2.8154498 864 73
2.8226360 864 73
2.8298400 864 73
2.8370482 865 73
2.8442259 865 73
2.8514241 865 73
2.8586167 865 73
2.8658275 866 73
2.8730182 866 73
2.8802360 866 73
2.8874321 866 73
2.8946274 867 73
2.9018187 867 73
2.9090054 867 73
2.9161856 867 73
2.9233916 868 73
2.9305906 868 73
2.9377719 868 73
2.9449772 868 73
2.9521840 869 73
2.9593821 869 73
2.9665953 869 73
2.9737790 869 73
2.9809660 869 73
2.9881596 870 73
2.9953729 870 73
3.0025693 870 73
3.0097658 870 73
3.0169886 871 73
3.0241867 871 73
3.0313965 871 73
3.0385963 871 73
3.0458002 871 73
3.0530010 872 73
3.0601829 872 73
3.0673638 872 73
3.0745651 872 73
3.0817526 872 73
3.0889666 873 73
3.0961557 873 73
3.1033740 873 73
3.1105710 873 73
3.1177612 873 73
3.1249559 874 73
3.1321430 874 73
3.1393453 874 73
3.1465498 874 73
3.1537608 874 73
3.1609767 874 73
3.1681668 875 73
3.1753661 875 73
3.1825704 875 73
3.1897946 875 73
3.1969930 875 73
3.2041957 876 73
3.2113996 876 73
3.2185747 876 73
3.2257880 876 73
3.2329891 876 73
3.2401793 876 73
3.2473851 877 73
3.2546181 877 73
3.2618215 877 73
3.2690178 877 73
3.2762146 877 73
3.2834088 877 73
3.2906352 878 73
3.2978350 878 73
3.3050333 878 73
3.3122317 878 73
3.3194298 878 73
3.3266444 878 73
3.3338463 879 73
3.3410480 879 73
3.3482550 879 73
3.3554865 879 73
3.3626948 879 73
3.3698969 879 73
3.3770960 879 73
3.3842912 880 73
3.3914952 880 73
3.3986758 880 73
3.4058661 880 73
3.4130536 880 73
3.4202317 880 73
3.4274325 880 73
3.4346165 881 73
3.4418160 881 73
3.4490173 881 73
3.4562141 881 73
3.4634084 881 73
3.4706086 881 73
3.4777782 881 73
3.4849756 882 73
3.4921483 882 73
3.4993366 882 73
3.5065342 882 73
3.5137248 882 73
3.5208836 882 73
3.5281019 882 73
3.5352900 882 73
3.5425071 883 73
3.5497005 883 73
3.5568979 883 73
3.5640950 883 73
3.5712833 883 73
3.5784925 883 73
3.5856692 883 73
3.5928797 883 73
3.6000856 884 73
3.6073030 884 73
3.6144947 884 73
3.6216792 884 73
3.6288923 884 73
3.6360836 884 73
3.6433081 884 73
3.6505200 884 73
3.6577266 885 73
3.6649187 885 73
3.6721038 885 73
3.6792832 885 73
3.6864909 885 73
3.6936818 885 73
3.7008693 885 73
3.7080619 885 73
3.7152806 885 73
3.7224861 886 73
3.7296806 886 73
3.7368795 886 73
3.7440572 886 73
3.7512607 886 73
3.7584650 886 73
3.7656806 886 73
3.7728706 886 73
3.7800804 886 73
3.7872676 886 73
3.7944704 887 73
3.8016772 887 73
3.8088764 887 73
3.8160599 887 73
3.8232468 887 73
3.8304293 887 73
3.8376194 887 73
3.8448218 887 73
3.8520218 887 73
3.8592362 887 73
3.8664263 888 73
3.8736264 888 73
3.8808111 888 73
3.8880080 888 73
3.8952001 888 73
3.9024008 888 73
3.9095940 888 73
3.9167929 888 73
3.9240126 888 73
3.9311986 888 73
3.9384060 888 73
3.9456208 889 73
3.9528477 889 73
3.9600141 889 73
3.9672261 889 73
3.9744228 889 73
3.9815954 889 73
3.9887873 889 73
3.9959956 889 73
4.0031881 889 73
4.0103843 889 74
4.0175772 889 74
4.0247546 889 74
4.0319538 890 74
4.0391566 890 74
4.0463525 890 74
4.0535441 890 74
4.0607304 890 74
4.0679277 890 74
4.0751425 890 74
4.0823630 890 74
4.0895688 890 74
4.0967815 890 74
4.1039945 890 74
4.1112018 890 74
4.1184045 890 74
4.1256299 891 74
4.1328432 891 74
4.1400460 891 74
4.1472491 891 74
4.1544515 891 74
4.1616539 891 75
4.1688362 891 75
4.1760413 891 75
4.1832243 891 75
4.1904308 891 75
4.1976486 891 75
4.2048494 891 75
4.2120592 891 75
4.2192635 891 75
4.2264691 892 75
4.2336891 892 75
4.2408964 892 75
4.2480926 892 75
4.2552701 892 75
4.2624855 892 75
4.2696675 892 75
4.2768836 892 75
4.2840716 892 75
4.2912840 892 75
4.2984984 892 75
4.3057056 892 75
4.3129131 892 75
4.3201053 892 75
4.3273048 892 75
4.3344922 893 75
4.3416940 893 75
4.3488875 893 75
4.3560682 893 75
4.3632595 893 76
4.3704917 893 76
4.3776851 893 76
4.3848812 893 76
4.3920769 893 76
4.3992910 893 76
4.4065166 893 76
4.4137052 893 76
4.4208995 893 76
4.4280834 893 76
4.4353014 893 76
4.4425172 893 76
4.4497053 894 76
4.4569054 894 76
4.4641036 894 76
4.4712809 894 76
4.4784860 894 76
4.4857048 894 76
4.4928871 894 76
4.5000967 894 76
4.5073161 894 76
4.5145030 894 76
4.5217096 894 76
4.5289082 894 76
4.5361025 894 76
4.5432956 894 76
4.5504997 894 76
4.5576998 894 76
4.5648860 894 76
4.5721093 894 76
4.5793055 894 76
4.5864922 895 76
4.5937069 895 76
4.6009034 895 76
4.6080870 895 76
4.6152793 895 76
4.6224698 895 76
4.6296575 895 76
4.6368431 895 76
4.6440303 895 76
4.6512179 895 76
4.6583923 895 76
4.6655535 895 76
4.6727289 895 76
4.6799283 895 76
4.6871216 895 76
4.6943083 895 76
4.7015120 895 76
4.7087060 895 76
4.7158953 895 76
4.7231043 896 76
4.7303013 896 76
4.7374937 896 76
4.7446979 896 76
4.7518970 896 76
4.7590867 896 76
4.7663082 896 76
4.7735031 896 76
4.7806932 896 76
4.7878564 896 76
4.7950582 896 76
4.8022531 896 76
4.8094619 896 76
4.8166571 896 76
4.8238651 896 76
4.8310817 896 76
4.8382771 896 76
4.8454698 896 77
4.8526699 896 77
4.8598708 896 77
4.8670793 896 77
4.8742680 896 77
4.8814879 897 77
4.8886923 897 77
4.8959033 897 77
4.9031075 897 77
4.9103183 897 77
4.9175214 897 77
4.9247096 897 77
4.9319116 897 77
4.9391128 897 77
4.9463233 897 77
4.9535344 897 77
4.9607289 897 77
4.9679517 897 77
4.9751389 897 77
4.9823322 897 77
4.9895218 897 77
4.9967370 897 77
5.0039440 897 77
5.0111352 897 77
5.0183111 897 77
5.0255034 897 77
5.0327086 897 77
5.0399039 897 77
5.0470840 897 77
5.0542828 897 77
5.0614913 898 77
5.0686582 898 77
5.0758529 898 77
5.0830365 898 77
5.0902449 898 77
5.0974455 898 77
5.1046532 898 77
5.1118582 898 77
5.1190621 898 77
5.1262488 898 77
5.1334515 898 77
5.1406482 898 77
5.1478498 898 77
5.1550493 898 77
5.1622508 898 77
5.1694360 898 77
5.1766328 898 77
5.1838424 898 77
5.1910486 898 77
5.1982415 898 77
5.2054427 898 77
5.2126582 898 77
5.2198606 898 77
5.2270770 898 77
5.2343142 898 77
5.2414844 898 77
5.2486651 898 77
5.2558625 899 77
5.2630534 899 77
5.2702628 899 77
5.2774847 899 77
5.2846884 899 77
5.2918846 899 77
5.2990794 899 77
5.3062995 899 77
5.3135093 899 77
5.3207038 899 77
5.3279151 899 77
5.3350959 899 77
5.3422951 899 77
5.3494826 899 77
5.3566684 899 77
5.3638659 899 77
5.3710725 899 77
5.3782905 899 77
5.3854976 899 77
5.3926980 899 77
5.3998855 899 77
5.4070967 899 77
5.4143085 899 77
5.4215172 899 77
5.4287211 899 77
5.4359275 899 77
5.4431097 899 77
5.4503177 899 77
5.4575056 899 77
5.4647028 899 77
5.4718855 899 77
5.4790827 900 77
5.4862830 900 77
5.4934987 900 77
5.5007140 900 77
5.5079075 900 77
5.5150976 900 77
5.5222840 900 77
5.5294791 900 77
5.5366932 900 77
5.5438864 900 77
5.5510998 900 77
5.5583118 900 77
5.5655357 900 77
5.5727388 900 77
5.5799468 900 77
5.5871615 900 77
5.5943741 900 77
5.6015987 900 77
5.6088179 900 77
5.6160070 900 77
5.6231982 900 77
5.6303725 900 77
5.6375909 900 77
5.6447926 900 77
5.6519960 900 77
5.6592035 900 77
5.6663936 900 77
5.6735765 900 77
5.6807812 900 77
5.6879888 900 77
5.6952141 900 77
5.7024163 900 77
5.7095965 900 77
5.7167967 900 77
5.7239803 901 77
5.7311790 901 77
5.7383740 901 77
5.7455823 901 77
5.7527968 901 77
5.7599984 901 77
5.7671959 901 77
5.7744012 901 77
5.7815957 901 77
5.7888031 901 77
5.7959963 901 77
5.8031810 901 77
5.8103642 901 77
5.8175783 901 77
5.8247816 901 77
5.8319997 901 77
5.8391807 901 77
5.8463763 901 78
5.8535875 901 78
5.8607691 901 78
5.8679690 901 78
5.8751662 901 78
5.8823622 901 78
5.8895483 901 78
5.8967379 901 78
5.9039137 901 78
5.9110913 901 78
5.9182966 901 78
5.9254946 901 78
5.9326948 901 78
5.9398756 901 78
5.9470704 901 78
5.9542928 901 78
5.9614919 901 78
5.9686874 901 78
5.9758803 902 78
5.9830725 902 78
5.9902473 902 78
5.9974615 902 78
6.0046404 902 78
6.0118209 902 78
6.0190282 902 78
6.0262132 902 78
6.0334151 902 78
6.0406227 902 78
6.0478273 902 78
6.0550128 902 78
6.0622084 902 78
6.0694197 902 78
6.0766321 902 78
6.0838236 902 78
6.0910186 902 78
6.0982299 902 78
6.1054013 902 78
6.1126081 902 78
6.1198320 902 78
6.1270116 902 78
6.1342118 902 78
6.1414196 902 78
6.1486179 902 78
6.1558269 902 78
6.1630441 902 78
6.1702546 902 78
6.1774477 902 78
6.1846290 902 78
6.1918508 902 78
6.1990746 902 78
6.2062736 902 78
6.2134407 902 78
6.2206258 902 78
6.2278194 903 78
6.2350461 903 78
6.2422659 903 78
6.2494466 903 78
6.2566402 903 78
6.2638248 903 78
6.2710267 903 78
6.2782083 903 78
6.2854012 903 78
6.2925943 903 78
6.2998043 903 78
6.3070070 903 78
6.3142075 903 78
6.3213849 903 78
6.3285933 903 78
6.3357785 903 78
6.3429690 903 78
6.3501564 903 78
6.3573563 903 78
6.3645497 903 78
6.3717616 903 78
6.3789525 903 78
6.3861730 903 78
6.3933554 903 78
6.4005696 903 78
6.4077937 903 78
6.4150059 903 78
6.4222058 903 78
6.4294035 903 78
6.4366056 903 78
6.4438108 903 78
6.4510102 903 78
6.4582294 903 78
6.4654328 903 78
6.4726385 903 78
6.4798354 904 78
6.4870239 904 78
6.4942572 904 78
6.5014461 904 78
6.5086486 904 78
6.5158215 904 78
6.5230171 904 78
6.5302140 904 78
6.5374169 904 78
6.5446112 904 78
6.5517987 904 78
6.5590033 904 78
6.5662245 904 78
6.5734192 904 78
6.5806004 904 78
6.5878122 904 78
6.5950041 904 78
6.6022158 904 78
6.6094345 904 78
6.6166325 904 78
6.6238233 904 78
6.6310125 904 78
6.6382239 904 78
6.6454242 904 78
6.6526383 904 78
6.6598510 904 78
6.6670608 904 78
6.6742483 904 78
6.6814452 904 78
6.6886312 904 78
6.6958318 904 78
6.7030400 904 78
6.7102241 904 78
6.7174249 904 78
6.7246259 904 78
6.7318352 905 78
6.7390423 905 78
6.7462455 905 78
6.7534328 905 78
6.7606333 905 78
6.7678583 905 78
6.7750374 905 78
6.7822378 905 78
6.7894428 905 78
6.7966658 905 78
6.8038696 905 78
6.8110602 905 78
6.8182523 905 78
6.8254502 905 78
6.8326629 905 78
6.8398523 905 78
6.8470470 905 78
6.8542448 905 78
6.8614548 905 78
6.8686428 905 78
6.8758295 905 78
6.8830182 905 78
6.8902200 905 78
6.8974201 905 78
6.9046155 905 78
6.9118238 905 78
6.9190316 905 78
6.9262448 905 78
6.9334490 905 78
6.9406371 905 78
6.9478612 905 78
6.9550666 905 78
6.9622729 905 78
6.9694641 905 78
6.9766481 906 78
6.9838389 906 78
6.9910381 906 78
6.9982480 906 78
7.0054436 906 78
7.0126364 906 78
7.0198421 906 78
7.0270273 906 78
7.0342378 906 78
7.0414399 906 78
7.0486231 906 78
7.0558368 906 78
7.0630441 906 78
7.0702702 906 78
7.0774647 906 78
7.0846592 906 78
7.0918791 906 78
7.0990666 906 78
7.1062604 906 78
7.1134611 906 78
7.1206663 906 78
7.1278660 906 78
7.1350657 906 78
7.1422576 906 78
7.1494491 906 78
7.1566427 906 78
7.1638371 906 78
7.1710167 906 78
7.1782052 906 78
7.1854050 906 78
7.1926113 906 78
7.1998255 906 78
7.2070085 906 78
7.2142033 906 78
7.2214201 906 78
7.2286034 907 78
7.2357957 907 78
7.2429843 907 78
7.2501765 907 78
7.2573934 907 78
7.2645868 907 78
7.2717912 907 78
7.2789990 907 78
7.2861925 907 78
7.2933719 907 78
7.3005766 907 78
7.3077833 907 78
7.3149880 907 78
7.3221921 907 78
7.3294044 907 78
7.3366025 907 78
7.3438277 907 78
7.3510343 907 78
7.3582456 907 78
7.3654579 907 78
7.3726437 907 78
7.3798528 907 78
7.3870486 907 78
7.3942500 907 78
7.4014533 907 78
7.4086350 907 78
7.4158296 907 78
7.4230420 907 78
7.4302548 907 78
7.4374583 907 78
7.4446179 907 78
7.4518196 907 78
7.4590117 907 78
7.4662198 907 78
7.4734420 907 78
7.4806410 908 78
7.4878340 908 78
7.4950344 908 78
7.5022390 908 78
7.5094248 908 78
7.5166082 908 78
7.5238002 908 78
7.5310053 908 78
7.5382090 908 78
7.5454138 908 78
7.5526017 908 78
7.5597947 908 78
7.5670042 908 78
7.5741973 908 78
7.5813890 908 78
7.5885919 908 78
7.5958099 908 78
7.6030140 908 78
7.6102112 908 78
7.6174023 908 78
7.6246099 908 78
7.6317977 908 78
7.6389843 908 78
7.6461886 908 78
7.6533934 908 78
7.6605872 908 78
7.6677861 908 78
7.6749786 908 78
7.6821816 908 78
7.6893932 908 78
7.6965899 908 78
7.7037798 908 78
7.7109790 908 78
7.7181825 908 78
7.7254029 908 78
7.7326038 909 78
7.7398251 909 78
7.7470185 909 78
7.7542154 909 78
7.7614207 909 78
7.7686174 909 78
7.7758280 909 78
7.7830302 909 78
7.7902354 909 78
7.7974507 909 78
7.8046389 909 78
7.8118506 909 78
7.8190460 909 78
7.8262356 909 78
7.8334342 909 78
7.8406520 909 78
7.8478466 909 78
7.8550312 909 78
7.8622336 909 78
7.8694273 909 78
7.8766299 909 78
7.8838113 909 78
7.8910204 909 78
7.8982244 909 78
7.9054306 909 78
7.9126301 909 78
7.9198489 909 78
7.9270478 909 78
7.9342456 909 78
7.9414681 909 78
7.9486566 909 78
7.9558703 909 78
7.9630623 909 78
7.9702754 909 78
7.9774564 910 78
7.9846601 910 78
7.9918635 910 78
7.9990725 910 78
8.0062669 910 78
8.0134705 910 78
8.0206854 910 78
8.0278941 910 78
8.0350805 910 78
8.0422884 910 78
8.0495062 910 78
8.0567003 910 78
8.0639048 910 78
8.0710814 910 78
8.0782779 910 78
8.0854735 910 78
8.0926644 910 78
8.0998479 910 78
8.1070397 910 78
8.1142296 910 78
8.1214318 910 78
8.1286452 910 78
8.1358453 910 78
8.1430292 910 78
8.1502308 910 78
8.1574282 910 78
8.1646439 910 78
8.1718487 910 78
8.1790439 910 78
8.1862615 910 78
8.1934673 910 78
8.2006872 910 78
8.2078829 910 78
8.2150514 910 78
8.2222213 910 78
8.2294260 911 78
8.2366315 911 78
8.2438211 911 78
8.2510196 911 78
8.2582142 911 78
8.2654279 911 78
8.2726330 911 78
8.2798401 911 78
8.2870318 911 78
8.2942430 911 78
8.3014323 911 78
8.3086127 911 78
8.3158031 911 78
8.3230198 911 78
8.3302233 911 78
8.3374143 911 78
8.3446105 911 78
8.3518101 911 78
8.3590038 911 78
8.3661963 911 78
8.3733839 911 78
8.3805769 911 78
8.3877864 911 78
8.3949835 911 78
8.4021930 911 78
8.4093887 911 78
8.4166008 911 78
8.4238073 911 78
8.4310157 911 78
8.4381915 911 78
8.4453893 911 78
8.4526020 911 78
8.4597909 911 78
8.4669928 911 78
8.4741941 911 78
8.4813918 912 78
8.4885938 912 78
8.4957876 912 78
8.5029903 912 78
8.5101597 912 78
8.5173644 912 78
8.5245751 912 78
8.5317815 912 78
8.5389673 912 78
8.5461512 912 78
8.5533564 912 78
8.5605617 912 78
8.5677546 912 78
8.5749614 912 78
8.5821747 912 78
8.5893828 912 78
8.5965948 912 78
8.6038034 912 78
8.6110024 912 78
8.6181954 912 78
8.6253970 912 78
8.6325983 912 78
8.6397995 912 78
8.6470063 912 78
8.6542202 912 78
8.6614119 912 78
8.6686348 912 78
8.6758617 912 78
8.6830608 912 78
8.6902576 912 78
8.6974673 912 78
8.7046524 912 78
8.7118480 912 78
8.7190538 912 78
8.7262493 912 78
8.7334390 913 78
8.7406388 913 78
8.7478587 913 78
8.7550723 913 78
8.7622706 913 78
8.7694577 913 78
8.7766459 913 78
8.7838405 913 78
8.7910611 913 78
8.7982773 913 78
8.8054784 913 78
8.8127043 913 78
8.8199280 913 78
8.8271245 913 78
8.8343318 913 78
8.8415665 913 78
8.8487592 913 78
8.8559745 913 78
8.8631811 913 78
8.8704075 913 78
8.8776130 913 78
8.8848093 913 78
8.8920242 913 78
8.8992377 913 78
8.9064617 913 78
8.9136590 913 78
8.9208469 913 78
8.9280432 913 78
8.9352271 913 78
8.9424006 913 78
8.9495987 913 78
8.9567838 913 78
8.9639784 913 78
8.9711754 913 78
8.9783550 913 78
8.9855561 914 78
8.9927632 914 78
8.9999598 914 78
9.0071831 914 78
9.0143852 914 78
9.0215863 914 78
9.0287692 914 78
9.0359620 914 78
9.0431945 914 78
9.0503756 914 78
9.0575686 914 78
9.0647524 914 78
9.0719642 914 78
9.0791344 914 78
9.0863566 914 78
9.0935519 914 78
9.1007630 914 78
9.1079661 914 78
9.1151674 914 78
9.1223678 914 78
9.1295627 914 78
9.1367492 914 78
9.1439659 914 78
9.1511663 914 78
9.1583606 914 78
9.1655537 914 78
9.1727463 914 78
9.1799653 914 78
9.1871802 914 78
9.1943670 914 78
9.2015739 914 78
9.2087618 914 78
9.2159549 914 78
9.2231568 914 78
9.2303817 914 78
9.2376001 915 78
9.2448150 915 78
9.2520036 915 78
9.2591889 915 78
9.2664134 915 78
9.2736024 915 78
9.2808155 915 78
9.2880115 915 78
9.2951963 915 78
9.3023899 915 78
9.3095947 915 78
9.3167820 915 78
9.3239884 915 78
9.3311896 915 78
9.3383913 915 78
9.3456134 915 78
9.3528281 915 78
9.3600129 915 78
9.3672058 915 79
9.3744235 915 79
9.3816287 915 79
9.3888043 915 79
9.3960017 915 79
9.4032083 915 79
9.4104134 915 79
9.4176053 915 79
9.4248160 915 79
9.4320317 915 79
9.4392238 915 79
9.4464304 915 79
9.4536323 915 79
9.4608367 915 79
9.4680254 915 79
9.4752006 915 79
9.4823946 916 79
9.4895952 916 79
9.4968112 916 79
9.5039971 916 79
9.5112062 916 79
9.5184040 916 79
9.5256109 916 79
9.5328322 916 79
9.5400335 916 79
9.5472521 916 79
9.5544538 916 79
9.5616381 916 79
9.5688276 916 79
9.5760413 916 79
9.5832468 916 79
9.5904569 916 79
9.5976602 916 79
9.6048695 916 79
9.6120620 916 79
9.6192694 916 79
9.6264783 916 79
9.6336740 916 79
9.6408518 916 79
9.6480457 916 79
9.6552363 916 79
9.6624224 916 79
9.6696213 916 79
9.6767973 916 79
9.6840081 916 79
9.6911950 916 79
9.6983772 916 79
9.7055921 916 79
9.7127907 916 79
9.7199923 916 79
9.7272056 916 79
9.7343920 917 79
9.7415991 917 79
9.7488004 917 79
9.7559825 917 79
9.7631877 917 79
9.7703967 917 79
9.7775899 917 79
9.7847774 917 79
9.7919705 917 79
9.7991652 917 79
9.8063581 917 79
9.8135610 917 79
9.8207569 917 79
9.8279523 917 79
9.8351600 917 79
9.8423661 917 79
9.8495597 917 79
9.8567606 917 79
9.8639734 917 79
9.8711745 917 79
9.8783742 917 79
9.8855574 917 79
9.8927535 917 79
9.8999682 917 79
9.9071405 917 79
9.9143403 917 79
9.9215511 917 79
9.9287648 917 79
9.9359488 917 79
9.9431530 917 79
9.9503619 917 79
9.9575478 917 79
9.9647539 917 79
9.9719547 917 79
9.9791705 917 79
9.9863727 918 79
9.9935935 918 79
10.0007910 918 79
10.0079936 918 79
10.0151839 918 79
10.0223815 918 79
10.0295679 918 79
10.0367820 918 79
10.0439927 918 79
10.0511863 918 79
10.0583842 918 79
10.0655777 918 79
10.0727693 918 79
10.0799867 918 79
10.0871900 918 79
10.0943885 918 79
10.1015920 918 79
10.1087825 918 79
10.1159633 918 79
10.1231422 918 79
10.1303461 918 79
10.1375615 918 79
10.1447797 918 79
10.1519704 918 79
10.1591632 918 79
10.1663691 918 79
10.1735698 918 79
10.1807704 918 79
10.1879779 918 79
10.1951617 918 79
10.2023733 918 79
10.2095718 918 79
10.2167711 918 79
10.2239821 918 79
10.2311853 918 79
10.2383764 919 79
10.2456109 919 79
10.2527988 919 79
10.2600111 919 79
10.2672038 919 79
10.2743950 919 79
10.2815903 919 79
10.2887861 919 79
10.2959723 919 79
10.3031784 919 79
10.3103525 919 79
10.3175512 919 79
10.3247260 919 79
10.3319181 919 79
10.3391297 919 79
10.3463291 919 79
10.3535146 919 79
10.3606961 919 79
10.3678964 919 79
10.3751114 919 79
10.3823137 919 79
10.3895119 919 79
10.3967055 919 79
10.4039186 919 79
10.4111133 919 79
10.4183284 919 79
10.4255249 919 79
10.4327162 919 79
10.4399086 919 79
10.4471052 919 79
10.4542781 919 79
10.4614902 919 79
10.4686746 919 79
10.4758836 919 79
10.4830554 920 79
10.4902663 920 79
10.4974700 920 79
10.5046807 920 79
10.5118886 920 79
10.5190874 920 79
10.5262943 920 79
10.5334855 920 79
10.5406724 920 79
10.5478807 920 79
10.5550732 920 79
10.5622629 920 79
10.5694661 920 79
10.5766566 920 79
10.5838475 920 79
10.5910597 920 79
10.5982588 920 79
10.6054720 920 79
10.6127185 920 79
10.6199059 920 79
10.6270769 920 79
10.6342722 920 79
10.6414658 920 79
10.6486784 920 79
10.6558718 920 79
10.6630681 920 79
10.6702671 920 79
10.6774581 920 79
10.6846500 920 79
10.6918568 920 79
10.6990370 920 79
10.7062437 920 79
10.7134319 920 79
10.7206432 920 79
10.7278240 920 79
10.7350178 921 79
10.7422237 921 79
10.7494133 921 79
10.7566192 921 79
10.7638250 921 79
10.7710259 921 79
10.7782172 921 79
10.7854126 921 79
10.7926192 921 79
10.7998001 921 79
10.8070302 921 79
10.8142270 921 79
10.8214177 921 79
10.8286098 921 79
10.8358239 921 79
10.8430359 921 79
10.8502413 921 79
10.8574479 921 79
10.8646641 921 79
10.8718500 921 79
10.8790414 921 79
10.8862338 921 79
10.8934402 921 79
10.9006421 921 79
10.9078609 921 79
10.9150287 921 79
10.9222049 921 79
10.9294139 921 79
10.9366226 921 79
10.9438108 921 79
10.9510109 921 79
10.9581891 921 79
10.9654003 921 79
10.9725963 921 79
10.9798102 921 79
10.9870176 922 79
10.9942212 922 79
11.0013971 922 79
11.0085954 922 79
11.0157670 922 79
11.0229831 922 79
11.0301996 922 79
11.0374009 922 79
11.0446063 922 79
11.0518032 922 79
11.0589904 922 79
11.0662113 922 79
11.0734119 922 79
11.0806122 922 79
11.0878199 922 79
11.0950335 922 79
11.1022288 922 79
11.1094310 922 79
11.1166337 922 79
11.1238495 922 79
11.1310568 922 79
11.1382411 922 79
11.1454488 922 79
11.1526724 922 79
11.1598954 922 79
11.1671006 922 79
11.1743003 922 79
11.1815014 922 79
11.1887083 922 79
11.1959156 922 79
11.2031386 922 79
11.2103321 922 79
11.2175140 922 79
11.2247115 922 79
11.2319080 922 79
11.2391200 923 79
11.2463225 923 79
11.2535157 923 79
11.2607428 923 79
11.2679155 923 79
11.2751215 923 79
11.2823267 923 79
11.2895280 923 79
11.2967297 923 79
11.3039295 923 79
11.3111046 923 79
11.3183004 923 79
11.3254940 923 79
11.3326874 923 79
11.3398631 923 79
11.3470601 923 79
11.3542689 923 79
11.3614585 923 79
11.3686616 923 79
11.3758632 923 79
11.3830565 923 79
11.3902593 923 79
11.3974653 923 79
11.4046670 923 79
11.4118628 923 79
11.4190536 923 79
11.4262579 923 79
11.4334486 923 79
11.4406691 923 79
11.4478610 923 79
11.4550676 923 79
11.4622721 923 79
11.4694938 923 79
11.4766981 923 79
11.4838986 923 79
11.4910978 924 79
11.4982871 924 79
11.5055074 924 79
11.5127145 924 79
11.5199154 924 79
11.5271068 924 79
11.5342964 924 79
11.5415010 924 79
11.5487186 924 79
11.5559125 924 79
11.5631187 924 79
11.5703239 924 79
11.5774988 924 79
11.5846945 924 79
11.5919129 924 79
11.5991251 924 79
11.6063267 924 79
11.6135311 924 79
11.6207229 924 79
11.6279375 924 79
11.6351336 924 79
11.6423102 924 79
11.6495168 924 79
11.6567099 924 79
11.6639120 924 79
11.6711200 924 79
11.6783199 924 79
11.6855019 924 79
11.6926882 924 79
11.6999065 924 79
11.7070908 924 79
11.7142931 924 79
11.7214916 924 79
11.7286741 924 79
11.7358648 925 79
11.7430610 925 79
11.7502546 925 79
11.7574655 925 79
11.7646849 925 79
11.7718914 925 79
11.7791063 925 79
11.7863077 925 79
11.7935248 925 79
11.8007362 925 79
11.8079329 925 79
11.8151211 925 79
11.8223386 925 79
11.8295297 925 79
11.8367323 925 79
11.8439075 925 79
11.8510823 925 79
11.8583016 925 79
11.8654821 925 79
11.8726794 925 79
11.8798851 925 79
11.8870892 925 79
11.8942908 925 79
11.9014884 925 80
11.9086925 925 80
11.9159006 925 80
11.9231092 925 80
11.9303014 925 80
11.9374818 925 80
11.9446904 925 80
11.9519078 925 80
11.9591085 925 80
11.9663189 925 80
11.9735139 925 80
11.9807091 925 80
11.9879249 925 80
11.9951228 926 80
12.0023301 926 80
12.0095441 926 80
12.0167435 926 80
12.0239262 926 80
12.0311054 926 80
12.0382806 926 80
12.0454565 926 80
12.0526568 926 80
12.0598316 926 80
12.0670245 926 80
12.0742121 926 80
12.0814131 926 80
12.0885981 926 80
12.0957918 926 80
12.1030216 926 80
12.1102313 926 80
12.1174406 926 80
12.1246249 926 80
12.1318258 926 80
12.1390264 926 80
12.1462371 926 80
12.1534562 926 80
12.1606660 926 80
12.1678665 926 80
12.1750659 926 80
12.1822632 926 80
12.1894806 926 80
12.1966666 926 80
12.2038632 926 80
12.2110453 926 80
12.2182623 926 80
12.2254813 926 80
12.2327058 926 80
12.2398888 926 80
12.2471028 927 80
12.2543044 927 80
12.2615161 927 80
12.2687110 927 80
12.2759102 927 80
12.2830948 927 80
12.2902951 927 80
12.2975071 927 80
12.3047155 927 80
12.3118965 927 80
12.3190759 927 80
12.3262841 927 80
12.3335068 927 80
12.3407050 927 80
12.3478739 927 80
12.3550628 927 80
12.3622545 927 80
12.3694658 927 80
12.3766472 927 80
12.3838221 927 80
12.3909990 927 80
12.3981601 927 80
12.4053507 927 80
12.4125608 927 80
12.4197693 927 80
12.4269784 927 80
12.4341762 927 80
12.4413862 927 80
12.4485623 927 80
12.4557613 927 80
12.4629618 927 80
12.4701627 927 80
12.4773667 927 80
12.4845665 927 80
12.4917796 928 80
12.4989744 928 80
12.5061790 928 80
12.5133637 928 80
12.5205482 928 80
12.5277571 928 80
12.5349445 928 80
12.5421402 928 80
12.5493364 928 80
12.5565371 928 80
12.5637294 928 80
12.5709508 928 80
12.5781429 928 80
12.5853299 928 80
12.5925090 928 80
12.5997299 928 80
12.6069376 928 80
12.6141382 928 80
12.6213369 928 80
12.6285224 928 80
12.6357259 928 80
12.6429240 928 80
12.6501273 928 80
12.6573301 928 80
12.6645271 928 80
12.6717261 928 80
12.6789268 928 80
12.6861167 928 80
12.6933172 928 80
12.7005189 928 80
12.7077128 928 80
12.7148842 928 80
12.7220791 928 80
12.7292754 928 80
12.7364821 928 80
12.7436954 929 80
12.7508727 929 80
12.7580672 929 80
12.7652392 929 80
12.7724455 929 80
12.7796452 929 80
12.7868551 929 80
12.7940516 929 80
12.8012698 929 80
12.8084674 929 80
12.8156790 929 80
12.8228860 929 80
12.8300611 929 80
12.8372542 929 80
12.8444496 929 80
12.8516591 929 80
12.8588665 929 80
12.8660583 929 80
12.8732595 929 80
12.8804466 929 80
12.8876506 929 80
12.8948218 929 80
12.9020329 929 80
12.9092118 929 80
12.9164081 929 80
12.9236114 929 80
12.9307982 929 80
12.9379813 929 80
12.9451729 929 80
12.9523606 929 80
12.9595471 929 80
12.9667621 929 80
12.9739690 929 80
12.9811714 929 80
12.9883676 929 80
12.9955449 930 80
13.0027351 930 80
13.0099447 930 80
13.0171171 930 80
13.0243404 930 80
13.0315589 930 80
13.0387644 930 80
13.0459723 930 80
13.0531681 930 80
13.0603752 930 80
13.0675796 930 80
13.0747665 930 80
13.0819461 930 80
13.0891415 930 80
13.0963659 930 80
13.1035787 930 80
13.1107640 930 80
13.1179795 930 80
13.1251890 930 80
13.1323807 930 80
13.1395694 930 80
13.1467667 930 80
13.1539682 930 80
13.1611896 930 80
13.1683723 930 80
13.1755592 930 80
13.1827492 930 80
13.1899440 930 80
13.1971144 930 80
13.2043158 930 80
13.2115092 930 80
13.2187115 930 80
13.2259209 930 80
13.2330907 930 80
13.2402936 930 80
13.2474958 931 80
13.2547105 931 80
13.2619166 931 80
13.2691437 931 80
13.2763324 931 80
13.2835417 931 80
13.2907551 931 80
13.2979612 931 80
13.3051657 931 80
13.3123708 931 80
13.3195538 931 80
13.3267498 931 80
13.3339405 931 80
13.3411501 931 80
13.3483467 931 80
13.3555462 931 80
13.3627496 931 80
13.3699588 931 80
13.3771700 931 80
13.3843505 931 80
13.3915538 931 80
13.3987668 931 80
13.4059631 931 80
13.4131787 931 80
13.4203739 931 80
13.4275724 931 80
13.4347617 931 80
13.4419670 931 80
13.4491753 931 80
13.4563790 931 80
13.4635799 931 80
13.4708074 931 80
13.4779952 931 80
13.4851774 931 80
13.4924164 932 80
13.4996188 932 80
13.5068087 932 80
13.5140144 932 80
13.5212160 932 80
13.5284177 932 80
13.5356313 932 80
13.5428362 932 80
13.5500232 932 80
13.5572160 932 80
13.5644269 932 80
13.5716126 932 80
13.5788114 932 80
13.5860055 932 80
13.5931818 932 80
13.6004115 932 80
13.6076317 932 80
13.6148538 932 80
13.6220496 932 80
13.6292531 932 80
13.6364410 932 80
13.6436486 932 80
13.6508522 932 80
13.6580481 932 80
13.6652480 932 80
13.6724411 932 80
13.6796461 932 80
13.6868548 932 80
13.6940418 932 80
13.7012411 932 80
13.7084430 932 80
13.7156678 932 80
13.7228730 932 80
13.7300997 932 80
13.7372958 932 80
13.7444832 933 80
13.7516674 933 80
13.7588816 933 80
13.7660958 933 80
13.7732862 933 80
13.7805045 933 80
13.7876915 933 80
13.7948824 933 80
13.8020853 933 80
13.8092758 933 80
13.8164806 933 80
13.8236916 933 80
13.8309085 933 80
13.8381037 933 80
13.8453066 933 80
13.8525111 933 80
13.8597107 933 80
13.8669075 933 80
13.8741081 933 80
13.8813191 933 80
13.8885034 933 80
13.8957058 933 80
13.9028827 933 80
13.9100802 933 80
13.9172823 933 80
13.9244723 933 80
13.9316668 933 80
13.9388704 933 80
13.9460581 933 80
13.9532547 933 80
13.9604419 933 80
13.9676424 933 80
13.9748318 933 80
13.9820342 933 80
13.9892221 933 80
13.9964457 934 80
14.0036540 934 80
14.0108458 934 80
14.0180555 934 80
14.0252545 934 80
14.0324736 934 80
14.0396803 934 80
14.0468693 934 80
14.0540663 934 80
14.0612733 934 80
14.0684529 934 80
14.0756493 934 80
14.0828367 934 80
14.0900446 934 80
14.0972552 934 80
14.1044546 934 80
14.1116792 934 80
14.1188525 934 80
14.1260428 934 80
14.1332508 934 80
14.1404588 934 80
14.1476625 934 80
14.1548684 934 80
14.1620754 934 80
14.1692921 934 80
14.1764776 934 80
14.1836765 934 80
14.1908680 934 80
14.1980649 934 80
14.2052387 934 80
14.2124271 934 80
14.2196298 934 80
14.2268344 934 80
14.2340454 934 80
14.2412372 935 80
14.2484532 935 80
14.2556482 935 80
14.2628334 935 80
14.2700417 935 80
14.2772593 935 80
14.2844732 935 80
14.2917018 935 80
14.2989209 935 80
14.3061366 935 80
14.3133381 935 80
14.3205332 935 80
14.3277384 935 80
14.3349576 935 80
14.3421892 935 80
14.3493908 935 80
14.3565981 935 80
14.3638054 935 80
14.3710085 935 80
14.3782017 935 80
14.3853924 935 80
14.3926020 935 80
14.3998132 935 80
14.4070190 935 80
14.4142156 935 80
14.4213921 935 80
14.4286015 935 80
14.4357920 935 80
14.4430043 935 80
14.4502111 935 80
14.4573889 935 80
14.4646167 935 80
14.4718106 935 80
14.4790200 935 80
14.4862124 935 80
14.4934087 936 80
14.5006084 936 80
14.5078135 936 80
14.5150219 936 80
14.5222477 936 80
14.5294815 936 80
14.5366902 936 80
14.5438986 936 80
14.5511111 936 80
14.5583212 936 80
14.5655237 936 80
14.5727213 936 80
14.5799163 936 80
14.5871240 936 80
14.5943186 936 80
14.6015142 936 80
14.6086990 936 80
14.6159170 936 80
14.6231196 936 80
14.6303311 936 80
14.6375437 936 80
14.6447266 936 80
14.6519234 936 81
14.6591120 936 81
14.6663060 936 81
14.6734956 936 81
14.6806932 936 81
14.6878900 936 81
14.6950967 936 81
14.7022818 936 81
14.7094564 936 81
14.7166618 936 81
14.7238650 936 81
14.7310566 936 81
14.7382515 937 81
14.7454531 937 81
14.7526496 937 81
14.7598681 937 81
14.7670650 937 81
14.7742668 937 81
14.7814620 937 81
14.7886736 956 81
14.7958703 956 81
14.8030666 956 81
14.8102703 956 81
14.8174706 956 81
14.8246757 956 81
14.8318932 956 81
14.8390772 956 81
14.8462695 956 81
14.8534746 956 81
14.8606832 956 81
14.8678778 956 81
14.8750823 956 81
14.8822892 956 81
14.8894926 956 81
14.8966965 956 81
14.9038679 956 81
14.9110655 956 81
14.9182703 956 81
14.9254801 956 81
14.9326786 956 81
14.9398981 956 81
14.9471095 956 81
14.9542957 956 81
14.9614985 956 81
14.9687060 956 81
14.9758974 956 81
14.9830924 956 81
14.9902866 957 81
14.9974801 957 81
15.0046959 957 81
15.0119468 957 81
15.0191489 957 81
15.0263496 957 81
15.0335488 957 81
15.0407546 957 81
15.0479472 957 81
15.0551355 957 81
15.0623236 957 81
15.0695366 957 81
15.0767421 957 81
15.0839373 957 81
15.0911300 957 81
15.0983433 957 81
15.1055640 957 81
15.1127746 957 81
15.1199592 957 81
15.1271602 957 81
15.1343583 957 81
15.1415618 957 81
15.1487502 957 81
15.1559491 957 81
15.1631636 957 81
15.1703711 967 81
15.1775744 967 81
15.1847646 967 81
15.1919484 967 81
15.1991487 967 81
15.2063481 967 81
15.2135385 967 81
15.2207417 967 81
15.2279314 967 81
15.2351313 967 81
15.2423223 968 81
15.2495089 968 81
15.2567268 968 81
15.2639260 968 81
15.2711288 968 81
15.2783228 968 81
15.2855373 968 81
15.2927363 968 81
15.2999149 968 81
15.3071285 968 81
15.3143469 968 81
15.3215583 968 81
15.3287524 968 81
15.3359565 968 81
15.3431437 968 81
15.3503340 968 81
15.3575554 968 81
15.3647842 968 81
15.3719535 968 81
15.3791610 968 81
15.3863506 968 81
15.3935513 968 81
15.4007696 968 81
15.4079805 968 81
15.4151907 968 81
15.4223978 968 81
15.4295995 968 81
15.4367987 968 81
15.4440014 968 81
15.4512180 968 81
15.4584171 968 81
15.4656218 968 81
15.4728258 968 81
15.4800196 968 81
15.4872106 968 81
15.4944164 969 81
15.5016253 969 81
15.5088298 969 81
15.5160332 969 81
15.5232307 969 81
15.5304349 969 81
15.5376343 969 81
15.5448253 969 81
15.5520277 969 81
15.5592190 969 81
15.5664390 969 81
15.5736394 969 81
15.5808495 969 81
15.5880364 969 81
15.5952494 969 81
15.6024451 969 81
15.6096407 969 81
15.6168196 969 81
15.6240062 969 81
15.6312087 969 81
15.6384124 969 81
15.6456134 969 81
15.6528240 969 81
15.6600151 969 81
15.6672251 969 81
15.6744460 969 81
15.6816456 969 81
15.6888510 969 81
15.6960589 969 81
15.7032436 969 81
15.7104262 969 81
15.7176292 969 81
15.7248253 969 81
15.7320096 969 81
15.7392010 969 81
15.7463794 970 81
15.7535709 970 81
15.7607613 970 81
15.7679889 970 81
15.7751816 970 81
15.7823656 970 81
15.7895626 970 81
15.7967653 970 81
15.8039630 970 81
15.8111550 970 81
15.8183373 970 81
15.8255445 970 81
15.8327541 970 81
15.8399525 970 81
15.8471400 970 81
15.8543456 970 81
15.8615725 970 81
15.8687845 970 81
15.8759923 970 81
15.8831772 970 81
15.8903575 970 81
15.8975730 970 81
15.9047723 970 81
15.9119820 970 81
15.9191709 970 81
15.9263878 970 81
15.9336054 970 81
15.9408042 970 81
15.9479902 970 81
15.9552227 970 81
15.9624488 970 81
15.9696420 970 81
15.9768454 970 81
15.9840355 970 81
15.9912366 970 81
15.9984421 971 81
16.0056289 971 81
16.0128141 971 81
16.0200196 971 81
16.0272077 971 81
16.0344059 971 81
16.0416194 971 81
16.0488045 971 81
16.0560214 971 81
16.0632240 971 81
16.0704222 971 81
16.0776325 971 81
16.0848365 971 81
16.0920427 971 81
16.0992587 971 81
16.1064599 971 81
16.1136546 971 81
16.1208783 971 81
16.1280875 971 81
16.1353069 971 81
16.1425493 971 81
16.1497758 971 81
16.1569579 971 81
16.1641501 971 81
16.1713498 971 81
16.1785393 971 81
16.1857394 971 81
16.1929407 971 81
16.2001438 971 81
16.2073491 971 81
16.2145498 971 81
16.2217661 971 81
16.2289680 971 81
16.2361720 971 81
16.2433986 971 81
16.2505909 972 81
16.2577883 972 81
16.2649937 972 81
16.2721858 972 81
16.2793928 972 81
16.2866052 972 81
16.2937985 972 81
16.3009806 972 81
16.3081828 972 81
16.3153992 972 81
16.3226015 972 81
16.3297730 972 81
16.3369729 972 81
16.3441756 972 81
16.3514178 972 81
16.3586069 972 81
16.3657975 972 81
16.3729718 972 81
16.3801682 972 81
16.3873541 972 81
16.3945477 972 81
16.4017472 972 81
16.4089324 972 81
16.4161312 972 81
16.4233237 972 81
16.4304972 972 81
16.4376867 972 81
16.4448892 972 81
16.4521061 972 81
16.4592908 972 81
16.4664794 972 81
16.4736831 972 81
16.4808802 972 81
16.4880871 972 81
16.4953028 972 81
16.5025087 973 81
16.5096877 973 81
16.5168990 973 81
16.5240830 973 81
16.5312732 973 81
16.5384856 973 81
16.5456556 973 81
16.5528664 973 81
16.5600856 973 81
16.5673000 973 81
16.5745033 973 81
16.5817092 973 81
16.5889271 973 81
16.5961502 973 81
16.6033426 973 81
16.6105587 973 81
16.6177584 973 81
16.6249441 973 81
16.6321403 973 81
16.6393464 973 81
16.6465512 973 81
16.6537626 973 81
16.6609563 973 81
16.6681513 973 81
16.6753565 973 81
16.6825472 973 81
16.6897562 973 81
16.6969618 973 81
16.7041471 973 81
16.7113128 973 81
16.7185081 973 81
16.7257256 973 81
16.7329342 973 81
16.7401350 973 81
16.7473457 974 81
16.7545377 974 81
16.7617180 974 81
16.7689166 974 81
16.7761158 974 81
16.7833125 974 81
16.7905349 974 81
16.7977399 974 81
16.8049608 974 81
16.8121334 974 81
16.8193227 974 81
16.8265369 974 81
16.8337298 974 81
16.8409348 974 81
16.8481271 974 81
16.8553426 974 81
16.8625154 974 81
16.8697117 974 81
16.8768875 974 81
16.8840775 974 81
16.8912788 974 81
16.8984740 974 81
16.9056722 974 81
16.9128761 974 81
16.9200352 974 81
16.9272219 974 81
16.9344354 974 81
16.9416396 974 81
16.9488444 974 81
16.9560454 974 81
16.9632626 974 81
16.9704646 974 81
16.9776592 974 81
16.9848495 974 81
16.9920436 974 81
16.9992738 975 81
17.0064810 975 81
17.0136729 975 81
17.0208826 975 81
17.0280858 975 81
17.0352814 975 81
17.0425119 975 81
17.0497141 975 81
17.0569047 975 81
17.0641012 975 81
17.0713081 975 81
17.0785067 975 81
17.0857139 975 81
17.0929007 975 81
17.1000890 975 81
17.1072933 975 81
17.1144839 975 81
17.1216829 975 81
17.1288968 975 81
17.1360767 975 81
17.1432560 975 81
17.1504588 975 81
17.1576437 975 81
17.1648331 975 81
17.1720390 975 81
17.1792526 975 81
17.1864791 975 81
17.1936475 975 81
17.2008403 975 81
17.2080380 975 81
17.2152533 975 81
17.2224286 975 81
17.2296299 975 81
17.2368088 975 81
17.2440184 975 81
17.2512248 976 81
17.2584230 976 81
17.2656182 976 81
17.2728101 976 81
17.2800192 976 81
17.2872057 976 81
17.2944356 976 81
17.3016686 976 81
17.3088688 976 81
17.3160674 976 81
17.3232639 976 81
17.3304605 976 81
17.3376642 976 81
17.3448855 976 81
17.3520762 976 81
17.3592555 976 81
17.3664574 976 81
17.3736498 976 81
17.3808716 976 81
17.3880708 976 81
17.3952831 976 81
17.4024865 976 81
17.4096905 976 81
17.4168960 976 81
17.4240805 976 81
17.4312792 976 81
17.4384677 976 81
17.4456625 976 81
17.4528585 976 81
17.4600503 976 81
17.4672455 976 81
17.4744310 976 81
17.4816022 976 81
17.4887828 976 81
17.4959837 976 81
17.5032077 977 81
17.5104301 977 81
17.5176568 977 81
17.5248798 977 81
17.5320948 977 81
17.5393012 977 81
17.5465175 977 81
17.5537283 977 81
17.5609237 977 81
17.5681517 977 81
17.5753510 977 81
17.5825564 977 81
17.5897632 1007 81
17.5969840 1007 81
17.6041713 1007 81
17.6113619 1007 81
17.6185439 1007 81
17.6257425 1007 81
17.6329443 1007 81
17.6401596 1007 81
17.6473667 1007 81
17.6545630 1007 81
17.6617489 1007 81
17.6689500 1007 81
17.6761376 1007 81
17.6833716 1007 81
17.6905772 1007 81
17.6977852 1007 81
17.7050060 1007 81
17.7122036 1007 81
17.7193985 1007 81
17.7266077 1007 81
17.7337970 1007 81
17.7409849 1007 81
17.7481863 1007 81
17.7553926 1008 81
17.7625685 1008 81
17.7697715 1008 81
17.7769714 1008 81
17.7841804 1008 81
17.7913803 1008 81
17.7985777 1008 81
17.8057660 1008 81
17.8129622 1008 81
17.8201619 1008 81
17.8273671 1008 81
17.8345799 1008 81
17.8417729 1008 81
17.8489861 1008 81
17.8561643 1008 81
17.8633617 1008 81
17.8705819 1008 81
17.8777804 1008 81
17.8849828 1008 81
17.8921783 1008 81
17.8993994 1008 81
17.9065906 1008 81
17.9137909 1008 81
17.9210102 1008 81
17.9282169 1008 81
17.9354336 1008 81
17.9426162 1008 81
17.9498136 1008 81
17.9570089 1008 81
17.9642070 1008 81
17.9714029 1008 81
17.9786075 1008 81
17.9858169 1008 81
17.9930173 1008 81
18.0002127 1008 81
18.0074018 1009 81
18.0145842 1009 81
18.0217708 1009 81
18.0289424 1009 81
18.0361696 1009 81
18.0433610 1009 81
18.0505698 1009 81
18.0577626 1009 81
18.0649652 1009 81
18.0721496 1009 81
18.0793706 1009 81
18.0865760 1009 81
18.0937764 1009 81
18.1009667 1009 81
18.1081717 1009 81
18.1153584 1009 81
18.1225589 1009 81
18.1297325 1009 81
18.1369394 1009 81
18.1441412 1009 81
18.1513305 1009 81
18.1585352 1009 81
18.1657418 1009 81
18.1729126 1009 81
18.1801019 1009 81
18.1872883 1009 81
18.1944835 1009 81
18.2016763 1009 81
18.2088668 1009 81
18.2160340 1009 81
18.2232453 1009 81
18.2304202 1009 81
18.2376001 1009 81
18.2447764 1009 81
18.2519639 1010 81
18.2591599 1010 81
18.2663614 1010 81
18.2735697 1010 81
18.2807684 1010 81
18.2879808 1010 81
18.2951953 1010 81
18.3023954 1010 81
18.3096124 1010 81
18.3168058 1010 81
18.3240011 1010 81
18.3312210 1010 81
18.3384273 1010 81
18.3456373 1010 81
18.3528390 1010 81
18.3600320 1010 81
18.3672219 1010 81
18.3744016 1010 81
18.3816278 1010 81
18.3888273 1010 81
18.3960330 1010 81
18.4032358 1010 81
18.4104582 1010 81
18.4176403 1010 81
18.4248470 1010 81
18.4320459 1010 81
18.4392535 1010 81
18.4464514 1010 81
18.4536316 1010 81
18.4608202 1010 81
18.4680148 1010 81
18.4752273 1010 81
18.4824161 1010 81
18.4896002 1010 81
18.4968096 1010 81
18.5040015 1011 81
18.5112066 1011 81
18.5183769 1011 81
18.5255847 1011 81
18.5327880 1011 81
18.5399975 1011 81
18.5472154 1011 81
18.5544033 1011 81
18.5615876 1011 81
18.5687988 1011 81
18.5760012 1011 81
18.5832100 1011 81
18.5904132 1011 81
18.5976222 1011 81
18.6048370 1011 81
18.6120538 1011 81
18.6192608 1011 81
18.6264710 1011 81
18.6336678 1011 81
18.6408573 1011 81
18.6480774 1011 81
18.6552613 1011 81
18.6624741 1011 81
18.6697002 1011 81
18.6768821 1011 81
18.6840781 1011 81
18.6912740 1011 81
18.6984709 1011 81
18.7056842 1011 81
18.7128962 1011 81
18.7201270 1011 81
18.7273064 1011 81
18.7344979 1011 81
18.7417138 1011 81
18.7489071 1011 81
18.7560797 1012 81
18.7632820 1012 81
18.7704827 1012 81
18.7776845 1012 81
18.7848731 1012 81
18.7920735 1012 81
18.7992840 1012 81
18.8064925 1012 81
18.8136814 1012 81
18.8208864 1012 81
18.8280874 1012 81
18.8352927 1012 81
18.8424843 1012 81
18.8496766 1012 81
18.8568677 1012 81
18.8640696 1012 81
18.8712716 1012 81
18.8784834 1012 81
18.8856834 1012 81
18.8928847 1012 81
18.9000811 1012 81
18.9072881 1012 81
18.9144805 1012 81
18.9216659 1012 81
18.9288739 1012 81
18.9360816 1012 81
18.9432788 1012 81
18.9504647 1012 81
18.9576547 1012 81
18.9648291 1012 81
18.9720184 1012 81
18.9792246 1012 81
18.9864206 1012 81
18.9936202 1012 81
19.0008203 1013 81
19.0080295 1013 81
19.0152510 1013 81
19.0224471 1013 81
19.0296534 1013 81
19.0368631 1013 81
19.0440484 1013 81
19.0512611 1013 81
19.0584849 1013 81
19.0656931 1013 81
19.0729016 1013 81
19.0801082 1013 81
19.0873229 1013 81
19.0945385 1013 81
19.1017303 1013 81
19.1089182 1013 81
19.1161347 1013 81
19.1233612 1013 81
19.1305600 1013 81
19.1377379 1013 81
19.1449547 1013 81
19.1521526 1013 81
19.1593267 1013 81
19.1665308 1013 81
19.1737382 1013 81
19.1809395 1013 81
19.1881419 1013 81
19.1953136 1013 81
19.2024997 1013 81
19.2097055 1013 81
19.2169058 1013 81
19.2241031 1013 81
19.2312769 1013 81
19.2384703 1013 81
19.2456748 1013 81
19.2528648 1014 81
19.2600755 1014 81
19.2672709 1014 81
19.2744706 1014 81
19.2816531 1014 81
19.2888431 1014 81
19.2960502 1014 81
19.3032421 1014 81
19.3104371 1014 81
19.3176531 1014 81
19.3248613 1014 81
19.3320736 1014 81
19.3392870 1014 81
19.3464982 1014 81
19.3537016 1014 81
19.3609161 1014 81
19.3681058 1014 81
19.3752957 1014 81
19.3824893 1014 81
19.3896968 1014 81
19.3968864 1014 81
19.4040634 1014 81
19.4112706 1014 81
19.4184613 1014 81
19.4256566 1014 81
19.4328781 1014 81
19.4400831 1014 81
19.4472965 1014 81
19.4544996 1014 81
19.4616699 1014 81
19.4688765 1014 81
19.4760756 1014 81
19.4832745 1014 81
19.4904552 1014 81
19.4976598 1014 81
19.5048593 1015 81
19.5120794 1015 81
19.5192899 1015 81
19.5264919 1015 81
19.5337024 1015 81
19.5409152 1015 81
19.5481279 1015 81
19.5553387 1015 81
19.5625358 1015 81
19.5697316 1015 81
19.5769156 1015 81
19.5840894 1015 81
19.5912841 1015 81
19.5984700 1015 81
19.6056853 1015 81
19.6128858 1015 81
19.6200919 1015 81
19.6272828 1015 81
19.6344904 1015 81
19.6416743 1015 81
19.6488878 1015 81
19.6560842 1015 81
19.6632863 1015 81
19.6704401 1015 81
19.6776407 1015 81
19.6848255 1015 81
19.6920375 1015 81
19.6992499 1015 81
19.7064310 1015 81
19.7136122 1015 81
19.7208248 1015 81
19.7280399 1015 81
19.7352217 1015 81
19.7424311 1015 81
19.7496570 1016 81
19.7568511 1016 81
19.7640413 1016 81
19.7712541 1016 81
19.7784553 1016 81
19.7856758 1016 81
19.7928986 1016 81
19.8001112 1016 81
19.8073185 1016 81
19.8145131 1016 81
19.8217061 1016 81
19.8288964 1016 81
19.8360989 1016 81
19.8432899 1016 81
19.8504872 1016 81
19.8576786 1016 81
19.8648833 1016 81
19.8720800 1016 81
19.8792844 1016 81
19.8864716 1016 81
19.8936654 1016 81
19.9008729 1016 81
19.9080602 1016 81
19.9152501 1016 81
19.9224324 1016 81
19.9296284 1016 81
19.9368286 1016 81
19.9440410 1016 81
19.9512488 1016 81
19.9584529 1016 81
19.9656585 1016 81
19.9728622 1016 81
19.9800579 1016 81
19.9872617 1016 81
19.9944951 1016 81
20.0016818 1017 81
20.0088731 1017 81
20.0160748 1017 81
20.0232721 1017 81
20.0304872 1017 81
20.0376754 1017 81
20.0448761 1017 81
20.0520711 1017 81
20.0592645 1017 81
20.0664836 1017 81
20.0736520 1017 81
20.0808267 1017 81
20.0880335 1017 81
20.0952510 1017 81
20.1024396 1017 81
20.1096332 1017 81
20.1168324 1017 81
20.1240314 1017 81
20.1312333 1017 81
20.1384392 1017 81
20.1456427 1017 81
20.1528364 1017 81
20.1600303 1017 81
20.1672457 1017 81
20.1744466 1017 81
20.1816594 1017 81
20.1888715 1017 81
20.1960561 1017 81
20.2032604 1017 81
20.2104604 1017 81
20.2176724 1017 81
20.2248648 1017 81
20.2320601 1017 81
20.2392622 1017 81
20.2464706 1017 81
20.2536722 1018 81
20.2608834 1018 81
20.2680905 1018 81
20.2752976 1018 81
20.2824982 1018 81
20.2896926 1018 81
20.2969017 1018 81
20.3040746 1018 81
20.3112673 1018 81
20.3184804 1018 81
20.3256606 1018 81
20.3328478 1018 81
20.3400432 1018 81
20.3472693 1018 81
20.3544785 1018 81
20.3617049 1018 81
20.3688950 1018 81
20.3761081 1018 81
20.3833130 1018 81
20.3905126 1018 81
20.3977130 1018 81
20.4049165 1018 81
20.4121353 1018 81
20.4193336 1018 81
20.4265451 1018 81
20.4337703 1018 81
20.4409728 1018 81
20.4481685 1018 81
20.4553743 1018 81
20.4625844 1018 81
20.4697861 1018 81
20.4769717 1018 81
20.4841690 1018 81
20.4913524 1018 81
20.4985484 1019 81
20.5057284 1019 81
20.5129273 1019 81
20.5201328 1019 81
20.5273574 1019 81
20.5345729 1019 81
20.5417980 1019 81
20.5490121 1019 81
20.5562145 1019 81
20.5634070 1019 81
20.5706029 1019 81
20.5778048 1019 81
20.5849852 1019 81
20.5921723 1019 81
20.5993769 1019 81
20.6065687 1019 81
20.6137556 1019 81
20.6209635 1019 81
20.6281605 1019 81
20.6353541 1019 81
20.6425566 1019 81
20.6497504 1019 81
20.6569580 1019 81
20.6641706 1019 81
20.6713505 1019 81
20.6785586 1019 81
20.6857440 1019 81
20.6929355 1019 81
20.7001515 1019 81
20.7073402 1019 81
20.7145177 1019 81
20.7217092 1019 81
20.7288929 1019 81
20.7360855 1019 81
20.7432889 1019 81
20.7505000 1020 81
20.7577232 1020 81
20.7649243 1020 81
20.7721122 1020 81
20.7793307 1020 81
20.7865273 1020 81
20.7937374 1020 81
20.8009376 1020 81
20.8081357 1020 81
20.8153321 1020 81
20.8225198 1020 81
20.8297152 1020 81
20.8368978 1020 81
20.8441167 1020 81
20.8513187 1020 81
20.8585163 1020 81
20.8657320 1020 81
20.8729243 1020 81
20.8801131 1020 81
20.8872975 1020 81
20.8944891 1020 81
20.9016818 1020 81
20.9089123 1020 81
20.9161086 1020 81
20.9232943 1020 81
20.9304976 1020 81
20.9377053 1020 81
20.9448956 1020 81
20.9520729 1020 81
20.9592729 1020 81
20.9664543 1020 81
20.9736472 1020 81
20.9808420 1020 81
20.9880340 1020 81
20.9952265 1020 81
21.0024332 1021 81
21.0096301 1021 81
21.0168433 1021 81
21.0240268 1021 81
21.0312370 1021 81
21.0384344 1021 81
21.0456482 1021 81
21.0528343 1021 81
21.0600383 1021 81
21.0672477 1021 81
21.0744482 1021 81
21.0816349 1021 81
21.0888394 1021 81
21.0960252 1021 81
21.1032144 1021 81
21.1104173 1021 81
21.1176178 1021 81
21.1247875 1021 81
21.1319792 1021 81
21.1391689 1021 81
21.1463708 1021 81
21.1535891 1021 81
21.1608139 1021 81
21.1679937 1021 81
21.1752125 1021 81
21.1824271 1021 81
21.1896227 1021 81
21.1968241 1021 81
21.2040320 1021 81
21.2112553 1021 81
21.2184536 1021 81
21.2256611 1021 81
21.2328647 1021 81
21.2400599 1021 81
21.2472552 1021 81
21.2544507 1022 81
21.2616399 1022 81
21.2688522 1022 81
21.2760649 1022 81
21.2832897 1022 81
21.2904787 1022 81
21.2977043 1022 81
21.3048999 1022 81
21.3120812 1022 81
21.3192759 1022 81
21.3264687 1022 81
21.3336404 1022 81
21.3408418 1022 81
21.3480283 1022 81
21.3552365 1022 81
21.3624294 1022 81
21.3695999 1022 81
21.3767833 1022 81
21.3840052 1022 81
21.3911873 1022 81
21.3983882 1022 81
21.4055692 1022 81
21.4127543 1022 81
21.4199651 1022 81
21.4271766 1022 81
21.4343568 1022 81
21.4415578 1022 81
21.4487567 1022 81
21.4559592 1022 81
21.4631479 1022 81
21.4703572 1022 81
21.4775667 1022 81
21.4847608 1022 81
21.4919757 1022 81
21.4991622 1022 81
21.5063686 1023 81
21.5135606 1023 81
21.5207519 1023 81
21.5279337 1023 81
21.5351344 1023 81
21.5423303 1023 81
21.5495216 1023 81
21.5567474 1023 81
21.5639523 1023 81
21.5711605 1023 81
21.5783750 1023 81
21.5855798 1023 81
21.5927587 1023 81
21.5999578 1023 81
21.6071510 1023 81
21.6143560 1023 81
21.6215729 1023 81
21.6287583 1023 81
21.6359660 1026 81
21.6431993 1026 81
21.6504088 1026 81
21.6575946 1026 81
21.6647837 1026 81
21.6719946 1026 81
21.6791950 1026 81
21.6864080 1026 81
21.6936134 1026 81
21.7008245 1026 81
21.7080138 1026 81
21.7152146 1026 81
21.7224374 1026 81
21.7296207 1026 81
21.7368197 1026 81
21.7440125 1026 81
21.7511997 1026 81
21.7583834 1026 81
21.7655840 1026 81
21.7727885 1026 81
21.7799977 1026 81
21.7872123 1026 81
21.7944110 1026 81
21.8015758 1026 81
21.8087694 1026 81
21.8159475 1026 81
21.8231484 1026 81
21.8303421 1026 81
21.8375391 1026 81
21.8447393 1026 81
21.8519454 1026 81
21.8591504 1026 81
21.8663592 1026 81
21.8735863 1026 81
21.8808019 1026 81
21.8879909 1026 81
21.8951999 1026 81
21.9023749 1026 81
21.9095811 1026 81
21.9167625 1026 81
21.9239497 1026 81
21.9311315 1026 81
21.9383081 1026 81
21.9455073 1026 81
21.9527086 1026 81
21.9599010 1026 81
21.9670964 1026 81
21.9743268 1026 81
21.9815227 1026 81
21.9887129 1026 81
21.9958852 1026 81
22.0030783 1026 81
22.0102923 1026 81
22.0174906 1026 81
22.0246834 1026 81
22.0318864 1026 81
22.0390797 1026 81
22.0462889 1026 81
22.0535006 1026 81
22.0606845 1026 81
22.0678839 1026 81
22.0750903 1026 81
22.0822855 1026 81
22.0894839 1026 81
22.0967044 1026 81
22.1038870 1026 81
22.1110773 1026 81
22.1182703 1026 81
22.1254796 1026 81
22.1326769 1026 81
22.1398820 1026 81
22.1470849 1026 81
22.1542797 1026 81
22.1614863 1026 81
22.1687114 1026 81
22.1759235 1026 81
22.1831305 1026 81
22.1903115 1026 81
22.1975138 1026 81
22.2046909 1026 81
22.2119029 1026 81
22.2190843 1026 81
22.2262746 1026 81
22.2334733 1026 81
22.2406769 1026 81
22.2478679 1026 81
22.2550771 1026 81
22.2622731 1026 81
22.2694502 1026 81
22.2766565 1026 81
22.2838717 1026 81
22.2910751 1026 81
22.2982979 1026 81
22.3054822 1026 81
22.3126761 1026 81
22.3198866 1026 81
22.3270849 1026 81
22.3342870 1026 81
22.3414929 1026 81
22.3487222 1026 81
22.3559094 1026 81
22.3630972 1026 81
22.3703100 1026 81
22.3774963 1026 81
22.3846860 1026 81
22.3918809 1026 81
22.3990889 1026 81
22.4062758 1026 81
22.4134887 1026 81
22.4206905 1026 81
22.4278959 1026 81
22.4351053 1026 81
22.4423060 1026 81
22.4495067 1026 81
22.4567134 1026 81
22.4639221 1026 81
22.4711301 1026 81
22.4783285 1026 81
22.4855229 1026 81
22.4927393 1026 81
22.4999325 1026 81
22.5071330 1026 81
22.5143227 1026 81
22.5215195 1026 81
22.5287358 1026 81
22.5359349 1026 81
22.5431447 1026 81
22.5503449 1026 81
22.5575479 1026 81
22.5647419 1026 81
22.5719533 1026 81
22.5791672 1026 81
22.5863679 1026 81
22.5935924 1026 81
22.6008251 1026 81
22.6080244 1026 81
22.6152425 1026 81
22.6224294 1026 81
22.6296390 1026 81
22.6368380 1026 81
22.6440374 1026 81
22.6512016 1026 81
22.6583976 1026 81
22.6656001 1026 81
22.6728127 1026 81
22.6800149 1026 81
22.6872113 1026 81
22.6944106 1026 81
22.7016007 1026 81
22.7088094 1026 81
22.7159923 1026 81
22.7232078 1026 81
22.7303900 1026 81
22.7375729 1026 81
22.7447785 1026 81
22.7519928 1026 81
22.7591731 1026 81
22.7663780 1026 81
22.7735694 1026 81
22.7807765 1026 81
22.7879596 1026 81
22.7951583 1026 81
22.8023622 1026 81
22.8095698 1026 81
22.8167770 1026 81
22.8239655 1026 81
22.8311778 1026 81
22.8383828 1026 81
22.8455894 1026 81
22.8528071 1026 81
22.8600147 1026 81
22.8672163 1026 81
22.8743919 1026 81
22.8815927 1026 81
22.8887803 1026 81
22.8959915 1026 81
22.9031958 1026 81
22.9104001 1026 81
22.9175889 1026 81
22.9248033 1026 81
22.9319934 1026 81
22.9392091 1026 81
22.9464147 1026 81
22.9536333 1026 81
22.9608179 1026 81
22.9680167 1026 81
22.9751989 1026 81
22.9824091 1026 81
22.9896421 1026 81
22.9968621 1026 81
23.0040577 1026 81
23.0112665 1026 81
23.0184661 1026 81
23.0256535 1026 81
23.0328461 1026 81
23.0400286 1026 81
23.0472445 1026 81
23.0544720 1026 81
23.0616846 1026 81
23.0688959 1026 81
23.0761067 1026 81
23.0832962 1026 81
23.0904728 1026 81
23.0976822 1026 81
23.1048709 1026 81
23.1120634 1026 81
23.1192590 1026 81
23.1264518 1026 81
23.1336469 1026 81
23.1408533 1026 81
23.1480538 1026 81
23.1552751 1026 81
23.1624893 1026 81
23.1696931 1026 81
23.1768725 1026 81
23.1840595 1026 81
23.1912608 1026 81
23.1984442 1026 81
23.2056251 1026 81
23.2128048 1026 81
23.2200073 1026 81
23.2272010 1026 81
23.2343926 1026 81
23.2415887 1026 81
23.2487654 1026 81
23.2559613 1026 81
23.2631693 1026 81
23.2703562 1026 81
23.2775781 1026 81
23.2847844 1026 81
23.2920057 1026 81
23.2991847 1026 81
23.3064006 1026 81
23.3136013 1026 81
23.3207983 1026 81
23.3280051 1026 81
23.3352108 1026 81
23.3424123 1026 81
23.3496007 1026 81
23.3567964 1026 81
23.3640066 1026 81
23.3712085 1026 81
23.3784093 1026 81
23.3856265 1026 81
23.3928407 1026 81
23.4000375 1026 81
23.4072616 1026 81
23.4144693 1026 81
23.4216965 1026 81
23.4288959 1026 81
23.4360798 1026 81
23.4432827 1026 81
23.4504902 1026 81
23.4576811 1026 81
23.4648927 1026 81
23.4721112 1026 81
23.4792852 1026 81
23.4864577 1026 81
23.4936769 1026 81
23.5008748 1026 81
23.5080694 1026 81
23.5152819 1026 81
23.5224637 1026 81
23.5296583 1026 81
23.5368762 1026 81
23.5440678 1026 81
23.5512887 1026 81
23.5584776 1026 81
23.5656860 1026 81
23.5728812 1026 81
23.5800844 1026 81
23.5872691 1026 81
23.5944737 1026 81
23.6016836 1026 81
23.6088828 1026 81
23.6160860 1026 81
23.6232933 1026 81
23.6304836 1026 81
23.6376997 1026 81
23.6448924 1026 81
23.6520702 1026 81
23.6592765 1026 81
23.6664816 1026 81
23.6736877 1026 81
23.6808854 1026 81
23.6880772 1026 81
23.6952799 1026 81
23.7024878 1026 81
23.7096737 1026 81
23.7168670 1026 81
23.7240642 1026 81
23.7312497 1026 81
23.7384401 1026 81
23.7456364 1026 81
23.7528406 1026 81
23.7600383 1026 81
23.7672471 1026 81
23.7744732 1026 81
23.7816729 1026 81
23.7888835 1026 81
23.7960823 1026 81
23.8032895 1026 81
23.8104961 1026 81
23.8177072 1026 81
23.8249137 1026 81
23.8321172 1026 81
23.8393132 1026 81
23.8465228 1026 81
23.8537173 1026 81
23.8609286 1026 81
23.8681061 1026 81
23.8753093 1026 81
23.8825118 1026 81
23.8897004 1026 81
23.8969037 1026 81
23.9040775 1026 81
23.9112685 1026 81
23.9184613 1026 81
23.9256646 1026 81
23.9328855 1026 81
23.9401038 1026 81
23.9473040 1026 81
23.9545094 1026 81
23.9617171 1026 81
23.9689121 1026 81
23.9761043 1026 81
23.9832970 1026 81
23.9905057 1026 81
23.9977198 1026 81
24.0000000 1026 81
