djpeg
0.0000522 34
0.0072575 102 25
0.0144033 105 25
0.0216046 109 26
0.0287940 112 27
0.0360016 115 27
0.0432177 118 27
0.0504421 121 29
0.0576598 124 29
0.0648564 127 29
0.0720635 130 29
0.0792453 133 29
0.0864383 136 30
0.0936526 139 30
0.1008664 142 30
0.1080769 145 30
0.1152870 148 31
0.1224860 151 31
0.1296787 154 32
0.1368780 157 32
0.1441065 159 32
0.1513022 162 32
0.1585200 165 32
0.1657172 168 33
0.1729293 171 33
0.1801266 173 34
0.1873165 176 35
0.1945105 179 35
0.2017191 181 37
0.2089407 184 37
0.2161643 187 37
0.2233869 189 37
0.2305784 192 37
0.2377877 194 38
0.2449776 197 38
0.2521734 199 40
0.2593807 202 41
0.2665795 204 41
0.2737713 207 42
0.2809734 209 42
0.2881887 212 42
0.2953900 214 43
0.3025876 217 43
0.3098022 219 44
0.3170044 221 44
0.3241977 224 44
0.3314066 226 44
0.3386042 228 44
0.3457894 231 44
0.3529985 233 45
0.3602097 235 46
0.3674199 238 46
0.3746092 240 46
0.3818021 242 46
0.3890055 244 46
0.3962188 246 48
0.4034180 249 48
0.4106081 251 48
0.4178293 253 48
0.4250408 255 48
0.4322338 257 49
0.4394374 259 49
0.4466113 261 49
0.4537959 263 49
0.4609863 266 49
0.4681689 268 49
0.4753977 270 50
0.4826045 272 50
0.4897891 274 50
0.4969913 276 50
0.5042001 278 51
0.5113830 280 51
0.5185789 281 51
0.5257550 283 51
0.5329606 285 51
0.5401575 287 51
0.5473424 289 51
0.5545420 291 52
0.5617610 293 52
0.5689759 295 53
0.5761691 296 53
0.5833528 298 53
0.5905726 300 53
0.5977848 302 53
0.6049813 304 53
0.6122027 305 53
0.6194085 307 54
0.6266282 309 54
0.6338245 311 54
0.6410332 312 54
0.6482225 314 54
0.6554199 316 54
0.6626297 317 54
0.6698457 319 54
0.6770301 321 54
0.6842248 322 55
0.6914254 324 55
0.6986058 326 55
0.7058324 327 55
0.7130449 329 55
0.7202631 330 55
0.7274665 332 55
0.7346643 334 56
0.7418603 335 56
0.7490628 337 56
0.7562471 338 56
0.7634562 340 56
0.7706679 341 56
0.7778667 343 56
0.7850482 344 56
0.7922327 346 56
0.7994492 347 56
0.8066744 349 56
0.8138812 350 56
0.8210782 352 56
0.8282451 353 56
0.8354458 354 56
0.8426255 356 56
0.8498149 357 56
0.8570153 359 56
0.8641980 360 56
0.8714040 361 56
0.8786062 363 56
0.8858088 364 56
0.8930033 365 56
0.9002078 367 56
0.9074221 368 56
0.9146193 369 56
0.9218412 371 56
0.9290453 372 56
0.9362492 373 56
0.9434651 374 56
0.9506598 376 56
0.9578806 377 56
0.9650801 378 56
0.9722921 379 56
0.9794982 381 56
0.9866921 382 56
0.9938753 383 56
1.0010867 384 56
1.0082823 385 56
1.0154876 387 56
1.0226589 388 56
1.0298602 389 56
1.0370830 390 56
1.0442739 391 56
1.0514842 392 56
1.0586988 394 56
1.0658865 395 56
1.0730901 396 56
1.0802928 397 56
1.0875035 398 56
1.0947064 399 56
1.1019005 400 56
1.1091210 401 56
1.1163215 402 56
1.1235299 403 56
1.1307160 404 56
1.1379206 405 56
1.1451092 406 56
1.1523281 408 56
1.1595397 409 56
1.1667353 410 56
1.1739307 411 56
1.1811331 412 56
1.1883479 413 56
1.1955564 414 56
1.2027716 415 56
1.2099584 415 56
1.2171547 416 56
1.2243386 417 56
1.2315273 418 56
1.2387294 419 56
1.2459392 420 56
1.2531220 421 56
1.2603050 422 56
1.2675006 423 56
1.2747030 424 56
1.2819075 425 56
1.2891178 426 56
1.2963159 427 56
1.3035059 428 56
1.3107058 428 56
1.3178816 429 56
1.3250990 430 56
1.3323061 431 56
1.3395042 432 56
1.3466980 433 56
1.3538942 434 56
1.3611036 434 56
1.3683064 435 56
1.3755162 436 56
1.3827292 437 56
1.3899366 438 56
1.3971404 438 56
1.4043403 439 56
1.4115504 440 56
1.4187390 441 56
1.4259398 442 56
1.4331446 442 56
1.4403569 443 56
1.4475457 444 56
1.4547526 445 56
1.4619733 445 56
1.4691709 446 56
1.4763867 447 56
1.4835872 448 56
1.4907795 448 56
1.4979678 449 56
1.5051743 450 56
1.5123709 451 56
1.5195578 451 56
1.5267544 452 56
1.5339633 453 56
1.5411695 453 56
1.5483782 454 56
1.5555856 455 56
1.5627613 455 56
1.5699721 456 56
1.5771702 457 56
1.5843723 457 56
1.5915618 458 56
1.5987587 459 56
1.6059659 459 56
1.6131628 460 56
1.6203689 461 56
1.6275726 461 56
1.6347900 462 56
1.6419723 463 56
1.6491602 463 56
1.6563482 464 56
1.6635308 465 56
1.6707347 465 56
1.6779345 466 56
1.6851265 466 56
1.6923198 467 56
1.6995238 468 56
1.7067001 468 56
1.7138923 469 56
1.7211136 469 56
1.7283106 470 56
1.7355128 470 56
1.7427152 471 56
1.7499257 472 56
1.7571308 472 56
1.7643364 473 56
1.7715320 473 56
1.7787570 474 56
1.7859655 474 56
1.7931626 475 56
1.8003658 475 56
1.8075665 476 56
1.8147921 477 56
1.8219809 477 56
1.8291774 478 56
1.8364086 478 56
1.8436106 479 56
1.8508224 479 56
1.8580244 480 56
1.8652230 480 56
1.8723905 481 56
1.8795889 481 56
1.8867915 482 56
1.8939958 482 56
1.9012064 483 56
1.9084164 483 56
1.9156212 484 56
1.9228320 484 56
1.9300378 485 56
1.9372320 485 56
1.9444203 485 56
1.9516022 486 56
1.9588111 486 56
1.9660050 487 56
1.9731977 487 56
1.9804064 488 56
1.9876346 488 56
1.9948255 489 56
2.0020274 489 56
2.0092291 490 56
2.0164338 490 56
2.0236347 490 56
2.0308286 491 56
2.0380104 491 56
2.0451976 492 56
2.0523964 492 56
2.0595902 492 56
2.0667914 493 56
2.0740036 493 56
2.0811715 494 56
2.0883643 494 57
2.0955578 495 57
2.1027490 495 57
2.1099781 495 57
2.1171845 496 57
2.1243914 496 57
2.1315909 496 57
2.1387840 497 57
2.1459917 497 57
2.1531959 498 57
2.1603975 498 57
2.1676191 498 57
2.1748338 499 57
2.1820319 499 57
2.1892166 499 57
2.1964175 500 57
2.2036033 500 57
2.2108237 501 57
2.2180171 501 57
2.2251934 501 57
2.2323831 502 57
2.2395527 502 57
2.2467553 502 57
2.2539630 503 57
2.2611512 503 57
2.2683476 503 57
2.2755221 504 57
2.2827050 504 57
2.2898914 504 57
2.2971054 505 57
2.3042851 505 57
2.3114778 505 57
2.3186948 506 57
2.3258821 506 57
2.3330882 506 57
2.3402971 507 57
2.3474852 507 57
2.3546703 507 57
2.3618690 507 57
2.3690515 508 57
2.3762482 508 57
2.3834654 508 57
2.3906844 509 57
2.3978803 509 57
2.4050806 509 57
2.4122718 510 57
2.4194588 510 57
2.4266589 510 57
2.4338708 510 57
2.4410728 511 57
2.4482662 511 57
2.4554381 511 57
2.4626424 512 57
2.4698305 512 57
2.4770301 512 57
2.4842348 512 57
2.4914540 513 57
2.4986526 513 57
2.5058538 513 57
2.5130649 513 57
2.5202788 514 57
2.5274531 514 57
2.5346797 514 57
2.5418847 514 57
2.5490896 515 57
2.5562956 515 57
2.5634806 515 57
2.5706597 515 57
2.5778737 516 57
2.5850646 516 57
2.5922507 516 57
2.5994440 516 57
2.6066314 517 57
2.6138455 517 57
2.6210244 517 57
2.6282128 517 57
2.6354184 518 57
2.6426367 518 57
2.6498318 518 57
2.6570076 518 57
2.6642090 519 57
2.6714116 519 57
2.6786127 519 57
2.6858032 519 57
2.6930129 519 57
2.7002302 520 57
2.7074338 520 57
2.7146460 520 57
2.7218455 520 57
2.7290419 521 57
2.7362264 521 57
2.7434405 521 57
2.7506367 521 57
2.7578370 521 57
2.7650384 522 57
2.7722210 522 57
2.7794307 522 57
2.7866170 522 57
2.7938158 522 57
2.8010257 523 57
2.8082256 523 57
2.8154475 523 57
2.8226339 523 57
2.8298379 523 57
2.8370454 524 57
2.8442233 524 57
2.8514216 524 57
2.8586142 524 57
2.8658253 524 57
2.8730160 524 57
2.8802336 525 57
2.8874294 525 57
2.8946249 525 57
2.9018166 525 57
2.9090030 525 57
2.9161834 526 57
2.9233889 526 57
2.9305884 526 57
2.9377695 526 57
2.9449748 526 57
2.9521816 526 57
2.9593793 527 57
2.9665927 527 57
2.9737767 527 57
2.9809637 527 57
2.9881569 527 57
2.9953708 527 57
3.0025673 528 57
3.0097632 528 57
3.0169862 528 57
3.0241842 528 57
3.0313942 528 57
3.0385941 528 57
3.0457980 529 57
3.0529984 529 57
3.0601808 529 57
3.0673617 529 57
3.0745623 529 57
3.0817506 529 57
3.0889644 529 57
3.0961536 530 57
3.1033718 530 57
3.1105686 530 57
3.1177586 530 57
3.1249538 530 57
3.1321403 530 57
3.1393432 530 57
3.1465470 531 57
3.1537587 531 57
3.1609739 531 57
3.1681647 531 57
3.1753636 531 57
3.1825681 531 57
3.1897919 531 57
3.1969903 532 57
3.2041936 532 57
3.2113971 532 57
3.2185723 532 57
3.2257854 532 57
3.2329870 532 57
3.2401772 532 57
3.2473827 532 57
3.2546161 533 57
3.2618192 533 57
3.2690156 533 57
3.2762124 533 57
3.2834061 533 57
3.2906327 533 57
3.2978325 533 57
3.3050305 533 57
3.3122294 534 57
3.3194270 534 57
3.3266422 534 57
3.3338437 534 57
3.3410459 534 57
3.3482523 534 57
3.3554843 534 57
3.3626925 534 57
3.3698942 535 57
3.3770932 535 57
3.3842885 535 57
3.3914931 535 57
3.3986733 535 57
3.4058634 535 57
3.4130508 535 57
3.4202292 535 57
3.4274304 535 57
3.4346138 536 57
3.4418132 536 57
3.4490147 536 57
3.4562116 536 57
3.4634058 536 57
3.4706065 536 57
3.4777753 536 57
3.4849732 536 57
3.4921456 536 57
3.4993344 536 57
3.5065314 537 57
3.5137226 537 57
3.5208808 537 57
3.5280999 537 57
3.5352874 537 57
3.5425049 537 57
3.5496978 537 57
3.5568951 537 57
3.5640928 537 57
3.5712808 537 57
3.5784901 538 57
3.5856671 538 57
3.5928771 538 57
3.6000831 538 57
3.6073005 538 57
3.6144921 538 57
3.6216766 538 57
3.6288900 538 57
3.6360814 538 57
3.6433054 538 57
3.6505176 538 57
3.6577239 539 57
3.6649165 539 57
3.6721013 539 57
3.6792810 539 57
3.6864886 539 57
3.6936794 539 57
3.7008666 539 57
3.7080595 539 57
3.7152783 539 57
3.7224836 539 57
3.7296777 539 57
3.7368769 539 57
3.7440545 540 57
3.7512582 540 57
3.7584623 540 57
3.7656785 540 57
3.7728683 540 57
3.7800780 540 57
3.7872651 540 57
3.7944676 540 57
3.8016751 540 57
3.8088738 540 57
3.8160575 540 57
3.8232442 540 57
3.8304267 540 57
3.8376172 541 57
3.8448194 541 57
3.8520196 541 57
3.8592340 541 57
3.8664238 541 57
3.8736237 541 57
3.8808086 541 57
3.8880053 541 57
3.8951975 541 57
3.9023984 541 57
3.9095919 541 57
3.9167906 541 57
3.9240105 541 57
3.9311958 541 57
3.9384038 542 57
3.9456181 542 57
3.9528451 542 57
3.9600119 542 57
3.9672236 542 57
3.9744206 542 57
3.9815932 542 57
3.9887850 542 57
3.9959933 542 57
4.0031854 542 57
4.0103820 542 57
4.0175746 542 57
4.0247526 542 57
4.0319511 542 57
4.0391538 542 57
4.0463499 543 57
4.0535415 543 57
4.0607282 543 57
4.0679252 543 57
4.0751402 543 57
4.0823607 543 57
4.0895663 543 57
4.0967794 543 57
4.1039922 543 57
4.1111993 543 57
4.1184025 543 57
4.1256277 543 57
4.1328407 543 57
4.1400435 543 57
4.1472465 543 57
4.1544490 543 57
4.1616518 543 58
4.1688336 544 58
4.1760389 544 58
4.1832216 544 58
4.1904287 544 58
4.1976461 544 58
4.2048472 544 58
4.2120566 544 58
4.2192611 544 58
4.2264667 544 58
4.2336867 544 58
4.2408935 544 58
4.2480898 544 58
4.2552680 544 58
4.2624830 544 58
4.2696651 544 58
4.2768812 544 58
4.2840692 544 58
4.2912819 544 58
4.2984959 545 58
4.3057035 545 58
4.3129105 545 58
4.3201026 545 58
4.3273023 545 58
4.3344897 545 58
4.3416912 545 58
4.3488851 545 58
4.3560655 545 58
4.3632570 545 59
4.3704896 545 59
4.3776829 545 59
4.3848784 545 59
4.3920746 545 59
4.3992883 545 59
4.4065138 545 59
4.4137028 545 59
4.4208967 545 59
4.4280805 545 59
4.4352987 545 59
4.4425145 546 59
4.4497030 546 59
4.4569027 546 59
4.4641012 546 59
4.4712782 546 59
4.4784838 546 59
4.4857024 546 59
4.4928845 546 59
4.5000946 546 59
4.5073136 546 59
4.5145004 546 59
4.5217073 546 59
4.5289060 546 59
4.5360997 546 59
4.5432934 546 59
4.5504977 546 59
4.5576974 546 59
4.5648835 546 59
4.5721066 546 59
4.5793034 546 59
4.5864899 546 59
4.5937045 546 59
4.6009007 547 59
4.6080848 547 59
4.6152768 547 59
4.6224669 547 59
4.6296552 547 59
4.6368405 547 59
4.6440280 547 59
4.6512156 547 59
4.6583895 547 59
4.6655510 547 59
4.6727265 547 59
4.6799262 547 59
4.6871190 547 59
4.6943062 547 59
4.7015099 547 59
4.7087036 547 59
4.7158930 547 59
4.7231015 547 59
4.7302986 547 59
4.7374916 547 59
4.7446958 547 59
4.7518943 547 59
4.7590843 547 59
4.7663061 547 59
4.7735007 548 59
4.7806908 548 59
4.7878536 548 59
4.7950556 548 59
4.8022505 548 59
4.8094598 548 59
4.8166549 548 59
4.8238629 548 59
4.8310796 548 59
4.8382746 548 59
4.8454669 548 60
4.8526674 548 60
4.8598682 548 60
4.8670768 548 60
4.8742657 548 60
4.8814859 548 60
4.8886903 548 60
4.8959004 548 60
4.9031052 548 60
4.9103159 548 60
4.9175188 548 60
4.9247072 548 60
4.9319091 548 60
4.9391099 548 60
4.9463208 548 60
4.9535322 548 60
4.9607265 548 60
4.9679488 549 60
4.9751364 549 60
4.9823299 549 60
4.9895197 549 60
4.9967349 549 60
5.0039417 549 60
5.0111328 549 60
5.0183090 549 60
5.0255010 549 60
5.0327065 549 60
5.0399012 549 60
5.0470816 549 60
5.0542801 549 60
5.0614887 549 60
5.0686558 549 60
5.0758501 549 60
5.0830338 549 60
5.0902425 549 60
5.0974433 549 60
5.1046505 549 60
5.1118561 549 60
5.1190597 549 60
5.1262467 549 60
5.1334487 549 60
5.1406454 549 60
5.1478476 549 60
5.1550467 549 60
5.1622485 549 60
5.1694334 549 60
5.1766301 549 60
5.1838401 549 60
5.1910459 550 60
5.1982391 550 60
5.2054405 550 60
5.2126557 550 60
5.2198584 550 60
5.2270747 550 60
5.2343114 550 60
5.2414823 550 60
5.2486627 550 60
5.2558598 550 60
5.2630511 550 60
5.2702604 550 60
5.2774825 550 60
5.2846861 550 60
5.2918818 550 60
5.2990768 550 60
5.3062970 550 60
5.3135066 550 60
5.3207012 550 60
5.3279124 550 60
5.3350931 550 60
5.3422928 550 60
5.3494799 550 60
5.3566656 550 60
5.3638637 550 60
5.3710701 550 60
5.3782880 550 60
5.3854954 550 60
5.3926954 550 60
5.3998831 550 60
5.4070943 550 60
5.4143057 550 60
5.4215148 550 60
5.4287189 550 60
5.4359247 551 60
5.4431071 551 60
5.4503150 551 60
5.4575034 551 60
5.4647003 551 60
5.4718833 551 60
5.4790802 551 60
5.4862806 551 60
5.4934962 551 60
5.5007115 551 60
5.5079048 551 60
5.5150950 551 60
5.5222815 551 60
5.5294766 551 60
5.5366907 551 60
5.5438840 551 60
5.5510978 551 60
5.5583091 551 60
5.5655331 551 60
5.5727365 551 60
5.5799441 551 60
5.5871592 551 60
5.5943719 551 60
5.6015964 551 60
5.6088155 551 60
5.6160046 551 60
5.6231955 551 60
5.6303699 551 60
5.6375886 551 60
5.6447899 551 60
5.6519935 551 60
5.6592012 551 60
5.6663909 551 60
5.6735738 551 60
5.6807787 551 60
5.6879862 552 60
5.6952117 552 60
5.7024139 552 60
5.7095937 552 60
5.7167945 552 60
5.7239781 552 60
5.7311769 552 60
5.7383712 552 60
5.7455799 552 60
5.7527946 552 60
5.7599959 552 60
5.7671936 552 60
5.7743984 552 60
5.7815929 552 60
5.7888003 552 60
5.7959938 552 60
5.8031782 552 60
5.8103617 552 60
5.8175756 552 60
5.8247791 552 60
5.8319970 552 60
5.8391785 552 60
5.8463737 552 61
5.8535853 552 61
5.8607669 552 61
5.8679663 552 61
5.8751638 552 61
5.8823598 552 61
5.8895462 552 61
5.8967355 552 61
5.9039113 552 61
5.9110890 552 61
5.9182944 552 61
5.9254920 552 61
5.9326924 552 61
5.9398734 553 61
5.9470679 553 61
5.9542903 553 61
5.9614898 553 61
5.9686850 553 61
5.9758779 553 61
5.9830699 553 61
5.9902447 553 61
5.9974590 553 61
6.0046383 553 61
6.0118186 553 61
6.0190260 553 61
6.0262108 553 61
6.0334123 553 61
6.0406200 553 61
6.0478251 553 61
6.0550103 553 61
6.0622061 553 61
6.0694169 553 61
6.0766296 553 61
6.0838214 553 61
6.0910158 553 61
6.0982274 553 61
6.1053992 553 61
6.1126055 553 61
6.1198299 553 61
6.1270093 553 61
6.1342093 553 61
6.1414174 553 61
6.1486152 553 61
6.1558243 553 61
6.1630419 553 61
6.1702520 553 61
6.1774451 553 61
6.1846267 553 61
6.1918487 554 61
6.1990722 554 61
6.2062708 554 61
6.2134384 554 61
6.2206235 554 61
6.2278171 554 61
6.2350440 554 61
6.2422636 554 61
6.2494438 554 61
6.2566376 554 61
6.2638223 554 61
6.2710241 554 61
6.2782061 554 61
6.2853990 554 61
6.2925916 554 61
6.2998017 554 61
6.3070047 554 61
6.3142054 554 61
6.3213821 554 61
6.3285908 554 61
6.3357757 554 61
6.3429665 554 61
6.3501538 554 61
6.3573536 554 61
6.3645471 554 61
6.3717593 554 61
6.3789497 554 61
6.3861703 554 61
6.3933533 554 61
6.4005673 554 61
6.4077915 554 61
6.4150032 554 61
6.4222035 554 61
6.4294012 554 61
6.4366029 554 61
6.4438087 555 61
6.4510074 555 61
6.4582267 555 61
6.4654300 555 61
6.4726356 555 61
6.4798332 555 61
6.4870218 555 61
6.4942549 555 61
6.5014440 555 61
6.5086459 555 61
6.5158188 555 61
6.5230151 555 61
6.5302118 555 61
6.5374143 555 61
6.5446086 555 61
6.5517961 555 61
6.5590012 555 61
6.5662217 555 61
6.5734166 555 61
6.5805979 555 61
6.5878094 555 61
6.5950018 555 61
6.6022136 555 61
6.6094318 555 61
6.6166300 555 61
6.6238212 555 61
6.6310102 555 61
6.6382215 555 61
6.6454221 555 61
6.6526356 555 61
6.6598487 555 61
6.6670582 555 61
6.6742459 555 61
6.6814429 555 61
6.6886288 555 61
6.6958296 556 61
6.7030378 556 61
6.7102213 556 61
6.7174225 556 61
6.7246236 556 61
6.7318330 556 61
6.7390396 556 61
6.7462426 556 61
6.7534307 556 61
6.7606310 556 61
6.7678560 556 61
6.7750353 556 61
6.7822352 556 61
6.7894406 556 61
6.7966638 556 61
6.8038673 556 61
6.8110578 556 61
6.8182501 556 61
6.8254476 556 61
6.8326603 556 61
6.8398499 556 61
6.8470445 556 61
6.8542427 556 61
6.8614524 556 61
6.8686405 556 61
6.8758271 556 61
6.8830156 556 61
6.8902178 556 61
6.8974177 556 61
6.9046130 556 61
6.9118215 556 61
6.9190291 556 61
6.9262425 556 61
6.9334467 556 61
6.9406350 557 61
6.9478584 557 61
6.9550643 557 61
6.9622703 557 61
6.9694613 557 61
6.9766457 557 61
6.9838361 557 61
6.9910355 557 61
6.9982458 557 61
7.0054409 557 61
7.0126341 557 61
7.0198398 557 61
7.0270249 557 61
7.0342357 557 61
7.0414377 557 61
7.0486209 557 61
7.0558342 557 61
7.0630420 557 61
7.0702679 557 61
7.0774619 557 61
7.0846568 557 61
7.0918769 557 61
7.0990641 557 61
7.1062575 557 61
7.1134585 557 61
7.1206638 557 61
7.1278637 557 61
7.1350636 557 61
7.1422555 557 61
7.1494465 557 61
7.1566403 557 61
7.1638346 557 61
7.1710147 557 61
7.1782026 557 61
7.1854028 557 61
7.1926089 558 61
7.1998230 558 61
7.2070058 558 61
7.2142009 558 61
7.2214174 558 61
7.2286010 558 61
7.2357930 558 61
7.2429817 558 61
7.2501742 558 61
7.2573912 558 61
7.2645847 558 61
7.2717890 558 61
7.2789967 558 61
7.2861899 558 61
7.2933695 558 61
7.3005739 558 61
7.3077807 558 61
7.3149852 558 61
7.3221896 558 61
7.3294021 558 61
7.3366001 558 61
7.3438253 558 61
7.3510317 558 61
7.3582427 558 61
7.3654556 558 61
7.3726416 558 61
7.3798503 558 61
7.3870461 558 61
7.3942476 558 61
7.4014507 558 61
7.4086325 558 61
7.4158271 558 61
7.4230395 558 61
7.4302527 558 61
7.4374562 558 61
7.4446157 559 61
7.4518170 559 61
7.4590096 559 61
7.4662175 559 61
7.4734400 559 61
7.4806385 559 61
7.4878313 559 61
7.4950321 559 61
7.5022369 559 61
7.5094222 559 61
7.5166058 559 61
7.5237980 559 61
7.5310030 559 61
7.5382065 559 61
7.5454110 559 61
7.5525990 559 61
7.5597925 559 61
7.5670021 559 61
7.5741952 559 61
7.5813867 559 61
7.5885893 559 61
7.5958075 559 61
7.6030117 559 61
7.6102089 559 61
7.6173998 559 61
7.6246072 559 61
7.6317950 559 61
7.6389820 559 61
7.6461864 559 61
7.6533906 559 61
7.6605850 559 61
7.6677837 559 61
7.6749759 559 61
7.6821794 559 61
7.6893911 560 61
7.6965876 560 61
7.7037772 560 61
7.7109763 560 61
7.7181801 560 61
7.7254007 560 61
7.7326011 560 61
7.7398228 560 61
7.7470164 560 61
7.7542129 560 61
7.7614187 560 61
7.7686148 560 61
7.7758257 560 61
7.7830275 560 61
7.7902332 560 61
7.7974483 560 61
7.8046365 560 61
7.8118481 560 61
7.8190435 560 61
7.8262334 560 61
7.8334314 560 61
7.8406498 560 61
7.8478440 560 61
7.8550290 560 61
7.8622308 560 61
7.8694252 560 61
7.8766272 560 61
7.8838085 560 61
7.8910178 560 61
7.8982218 560 61
7.9054285 560 61
7.9126273 560 61
7.9198465 560 61
7.9270457 560 61
7.9342431 560 61
7.9414659 561 61
7.9486541 561 61
7.9558676 561 61
7.9630600 561 61
7.9702726 561 61
7.9774539 561 61
7.9846579 561 61
7.9918609 561 61
7.9990698 561 61
8.0062646 561 61
8.0134684 561 61
8.0206826 561 61
8.0278917 561 61
8.0350784 561 61
8.0422859 561 61
8.0495034 561 61
8.0566979 561 61
8.0639022 561 61
8.0710791 561 61
8.0782758 561 61
8.0854712 561 61
8.0926616 561 61
8.0998456 561 61
8.1070370 561 61
8.1142269 561 61
8.1214295 561 61
8.1286424 561 61
8.1358428 561 61
8.1430265 561 61
8.1502281 561 61
8.1574260 561 61
8.1646418 561 61
8.1718462 561 61
8.1790411 561 61
8.1862592 561 61
8.1934650 562 61
8.2006844 562 61
8.2078803 562 61
8.2150494 562 61
8.2222190 562 61
8.2294235 562 61
8.2366290 562 61
8.2438190 562 61
8.2510169 562 61
8.2582115 562 61
8.2654252 562 61
8.2726309 562 61
8.2798377 562 61
8.2870290 562 61
8.2942408 562 61
8.3014296 562 61
8.3086105 562 61
8.3158008 562 61
8.3230174 562 61
8.3302208 562 61
8.3374116 562 61
8.3446083 562 61
8.3518074 562 61
8.3590016 562 61
8.3661938 562 61
8.3733816 562 61
8.3805741 562 61
8.3877841 562 61
8.3949807 562 61
8.4021903 562 61
8.4093864 562 61
8.4165981 562 61
8.4238053 562 61
8.4310134 562 61
8.4381890 562 61
8.4453867 563 61
8.4525996 563 61
8.4597887 563 61
8.4669903 563 61
8.4741919 563 61
8.4813897 563 61
8.4885910 563 61
8.4957853 563 61
8.5029881 563 61
8.5101569 563 61
8.5173617 563 61
8.5245727 563 61
8.5317790 563 61
8.5389651 563 61
8.5461489 563 61
8.5533538 563 61
8.5605590 563 61
8.5677525 563 61
8.5749591 563 61
8.5821722 563 61
8.5893801 563 61
8.5965921 563 61
8.6038013 563 61
8.6110000 563 61
8.6181932 563 61
8.6253949 563 61
8.6325959 563 61
8.6397972 563 61
8.6470040 563 61
8.6542175 563 61
8.6614093 563 61
8.6686325 563 61
8.6758596 563 61
8.6830584 563 61
8.6902554 563 61
8.6974647 564 61
8.7046501 564 61
8.7118459 564 61
8.7190514 564 61
8.7262472 564 61
8.7334369 564 61
8.7406362 564 61
8.7478562 564 61
8.7550697 564 61
8.7622683 564 61
8.7694553 564 61
8.7766433 564 61
8.7838384 564 61
8.7910589 564 61
8.7982752 564 61
8.8054763 564 61
8.8127015 564 61
8.8199257 564 61
8.8271218 564 61
8.8343295 564 61
8.8415641 564 61
8.8487566 564 61
8.8559718 564 61
8.8631783 564 61
8.8704051 564 61
8.8776104 564 61
8.8848069 564 61
8.8920220 564 61
8.8992357 564 61
8.9064592 564 61
8.9136565 564 61
8.9208446 564 61
8.9280410 564 61
8.9352249 564 61
8.9423985 564 61
8.9495964 565 61
8.9567817 565 61
8.9639757 565 61
8.9711730 565 61
8.9783524 565 61
8.9855539 565 61
8.9927605 565 61
8.9999573 565 61
9.0071803 565 61
9.0143827 565 61
9.0215838 565 61
9.0287665 565 61
9.0359592 565 61
9.0431924 565 61
9.0503732 565 61
9.0575660 565 61
9.0647499 565 61
9.0719621 565 61
9.0791323 565 61
9.0863538 565 61
9.0935497 565 61
9.1007604 565 61
9.1079641 565 61
9.1151650 565 61
9.1223655 565 61
9.1295599 565 61
9.1367465 565 61
9.1439637 565 61
9.1511641 565 61
9.1583584 565 61
9.1655516 565 61
9.1727440 565 61
9.1799630 565 61
9.1871781 565 61
9.1943644 565 61
9.2015714 566 61
9.2087594 566 61
9.2159523 566 61
9.2231542 566 61
9.2303792 566 61
9.2375978 566 61
9.2448126 566 61
9.2520015 566 61
9.2591862 566 61
9.2664110 566 61
9.2736003 566 61
9.2808127 566 61
9.2880087 566 61
9.2951941 566 61
9.3023873 566 61
9.3095922 566 61
9.3167794 566 61
9.3239858 566 61
9.3311874 566 61
9.3383888 566 61
9.3456113 566 61
9.3528258 566 61
9.3600101 566 61
9.3672034 566 61
9.3744207 566 61
9.3816266 566 61
9.3888017 566 61
9.3959995 566 61
9.4032060 566 61
9.4104112 566 61
9.4176030 566 61
9.4248139 566 61
9.4320296 566 61
9.4392212 566 61
9.4464277 567 61
9.4536298 567 61
9.4608344 567 61
9.4680233 567 61
9.4751982 567 61
9.4823924 567 61
9.4895930 567 61
9.4968084 567 61
9.5039949 567 61
9.5112036 567 61
9.5184017 567 61
9.5256082 567 61
9.5328299 567 61
9.5400307 567 61
9.5472495 567 61
9.5544517 567 61
9.5616360 567 61
9.5688250 567 61
9.5760385 567 61
9.5832442 567 61
9.5904542 567 61
9.5976577 567 61
9.6048668 567 61
9.6120594 567 61
9.6192668 567 61
9.6264762 567 61
9.6336718 567 61
9.6408494 567 61
9.6480429 567 61
9.6552336 567 61
9.6624197 567 61
9.6696189 567 61
9.6767946 567 61
9.6840059 567 61
9.6911923 567 61
9.6983751 568 61
9.7055896 568 61
9.7127882 568 61
9.7199896 568 61
9.7272033 568 61
9.7343896 568 61
9.7415967 568 61
9.7487982 568 61
9.7559803 568 61
9.7631856 568 61
9.7703941 568 61
9.7775872 568 61
9.7847751 568 61
9.7919681 568 61
9.7991630 568 61
9.8063559 568 61
9.8135585 568 61
9.8207541 568 61
9.8279500 568 61
9.8351575 568 61
9.8423639 568 61
9.8495571 568 61
9.8567578 568 61
9.8639707 568 61
9.8711721 568 61
9.8783714 568 61
9.8855552 568 61
9.8927508 568 61
9.8999657 568 61
9.9071382 568 61
9.9143378 568 61
9.9215484 568 61
9.9287621 568 61
9.9359460 568 61
9.9431505 568 61
9.9503598 569 61
9.9575456 569 61
9.9647517 569 61
9.9719522 569 61
9.9791679 569 61
9.9863702 569 61
9.9935908 569 61
10.0007884 569 61
10.0079915 569 61
10.0151813 569 61
10.0223794 569 61
10.0295655 569 61
10.0367796 569 61
10.0439902 569 61
10.0511838 569 61
10.0583815 569 61
10.0655749 569 61
10.0727665 569 61
10.0799845 569 61
10.0871877 569 61
10.0943858 569 61
10.1015894 569 61
10.1087799 569 61
10.1159609 569 61
10.1231399 569 61
10.1303434 569 61
10.1375590 569 61
10.1447774 569 61
10.1519676 569 61
10.1591607 569 61
10.1663665 569 61
10.1735671 569 61
10.1807682 569 61
10.1879757 569 61
10.1951594 569 61
10.2023710 570 61
10.2095694 570 61
10.2167684 570 61
10.2239800 570 61
10.2311832 570 61
10.2383739 570 61
10.2456087 570 61
10.2527965 570 61
10.2600087 570 61
10.2672014 570 61
10.2743929 570 61
10.2815877 570 61
10.2887834 570 61
10.2959699 570 61
10.3031758 570 61
10.3103499 570 61
10.3175487 570 61
10.3247233 570 61
10.3319158 570 61
10.3391271 570 61
10.3463263 570 61
10.3535121 570 61
10.3606937 570 61
10.3678939 570 61
10.3751088 570 61
10.3823114 570 61
10.3895098 570 61
10.3967030 570 61
10.4039160 570 61
10.4111105 570 61
10.4183259 570 61
10.4255227 570 61
10.4327135 570 61
10.4399064 570 61
10.4471026 571 61
10.4542757 571 61
10.4614879 571 61
10.4686722 571 61
10.4758814 571 61
10.4830529 571 61
10.4902639 571 61
10.4974680 571 61
10.5046782 571 61
10.5118859 571 61
10.5190849 571 61
10.5262921 571 61
10.5334832 571 61
10.5406701 571 61
10.5478783 571 61
10.5550710 571 61
10.5622602 571 61
10.5694636 571 61
10.5766540 571 61
10.5838453 571 61
10.5910576 571 61
10.5982564 571 61
10.6054699 571 61
10.6127157 571 61
10.6199032 571 61
10.6270742 571 61
10.6342695 571 61
10.6414633 571 61
10.6486762 571 61
10.6558695 571 61
10.6630659 571 61
10.6702645 571 61
10.6774557 571 61
10.6846477 571 61
10.6918540 571 61
10.6990347 572 61
10.7062412 572 61
10.7134298 572 61
10.7206411 572 61
10.7278214 572 61
10.7350150 572 61
10.7422214 572 61
10.7494105 572 61
10.7566171 572 61
10.7638225 572 61
10.7710233 572 61
10.7782149 572 61
10.7854097 572 61
10.7926164 572 61
10.7997977 572 61
10.8070279 572 61
10.8142244 572 61
10.8214149 572 61
10.8286073 572 61
10.8358211 572 61
10.8430333 572 61
10.8502386 572 61
10.8574457 572 61
10.8646618 572 61
10.8718479 572 61
10.8790389 572 61
10.8862313 572 61
10.8934378 572 61
10.9006396 572 61
10.9078583 572 61
10.9150260 572 61
10.9222026 572 61
10.9294111 572 61
10.9366200 572 61
10.9438085 572 61
10.9510088 573 61
10.9581865 573 61
10.9653981 573 61
10.9725935 573 61
10.9798080 573 61
10.9870148 573 61
10.9942184 573 61
11.0013943 573 61
11.0085930 573 61
11.0157646 573 61
11.0229808 573 61
11.0301971 573 61
11.0373987 573 61
11.0446041 573 61
11.0518008 573 61
11.0589878 573 61
11.0662093 573 61
11.0734095 573 61
11.0806095 573 61
11.0878171 573 61
11.0950309 573 61
11.1022267 573 61
11.1094283 573 61
11.1166309 573 61
11.1238468 573 61
11.1310545 573 61
11.1382386 573 61
11.1454461 573 61
11.1526704 573 61
11.1598928 573 61
11.1670980 573 61
11.1742977 573 61
11.1814990 573 61
11.1887059 573 61
11.1959133 573 61
11.2031364 574 61
11.2103294 574 61
11.2175112 574 61
11.2247087 574 61
11.2319058 574 61
11.2391172 574 61
11.2463198 574 61
11.2535131 574 61
11.2607407 574 61
11.2679128 574 61
11.2751194 574 61
11.2823242 574 61
11.2895252 574 61
11.2967274 574 61
11.3039275 574 61
11.3111019 574 61
11.3182981 574 61
11.3254915 574 61
11.3326852 574 61
11.3398607 574 61
11.3470579 574 61
11.3542665 574 61
11.3614562 574 61
11.3686589 574 61
11.3758611 574 61
11.3830542 574 61
11.3902572 574 61
11.3974630 574 61
11.4046648 574 61
11.4118605 574 61
11.4190514 574 61
11.4262551 574 61
11.4334461 574 61
11.4406664 574 61
11.4478582 574 61
11.4550650 575 61
11.4622695 575 61
11.4694910 575 61
11.4766961 575 61
11.4838961 575 61
11.4910956 575 61
11.4982848 575 61
11.5055051 575 61
11.5127120 575 61
11.5199130 575 61
11.5271043 575 61
11.5342943 575 61
11.5414983 575 61
11.5487165 575 61
11.5559097 575 61
11.5631161 575 61
11.5703217 575 61
11.5774966 575 61
11.5846921 575 61
11.5919105 575 61
11.5991223 575 61
11.6063241 575 61
11.6135285 575 61
11.6207207 575 61
11.6279353 575 61
11.6351308 575 61
11.6423078 575 61
11.6495143 575 61
11.6567075 575 61
11.6639097 575 61
11.6711176 575 61
11.6783178 575 61
11.6854998 575 61
11.6926855 575 61
11.6999037 576 61
11.7070888 576 61
11.7142909 576 61
11.7214889 576 61
11.7286719 576 61
11.7358624 576 61
11.7430582 576 61
11.7502523 576 61
11.7574634 576 61
11.7646827 576 61
11.7718891 576 61
11.7791035 576 61
11.7863056 576 61
11.7935222 576 61
11.8007335 576 61
11.8079300 576 61
11.8151188 576 61
11.8223361 576 61
11.8295270 576 61
11.8367301 576 61
11.8439047 576 61
11.8510795 576 61
11.8582994 576 61
11.8654799 576 61
11.8726772 576 61
11.8798829 576 61
11.8870864 576 61
11.8942883 576 61
11.9014858 576 62
11.9086901 576 62
11.9158985 576 62
11.9231066 576 62
11.9302989 576 62
11.9374792 576 62
11.9446876 576 62
11.9519051 577 62
11.9591061 577 62
11.9663164 577 62
11.9735117 577 62
11.9807066 577 62
11.9879222 577 62
11.9951206 577 62
12.0023278 577 62
12.0095415 577 62
12.0167410 577 62
12.0239234 577 62
12.0311026 577 62
12.0382781 577 62
12.0454542 577 62
12.0526540 577 62
12.0598291 577 62
12.0670220 577 62
12.0742093 577 62
12.0814107 577 62
12.0885957 577 62
12.0957897 577 62
12.1030188 577 62
12.1102288 577 62
12.1174380 577 62
12.1246224 577 62
12.1318233 577 62
12.1390236 577 62
12.1462345 577 62
12.1534540 577 62
12.1606636 577 62
12.1678641 577 62
12.1750637 577 62
12.1822611 577 62
12.1894783 577 62
12.1966638 577 62
12.2038606 578 62
12.2110426 578 62
12.2182602 578 62
12.2254786 578 62
12.2327035 578 62
12.2398864 578 62
12.2471002 578 62
12.2543016 578 62
12.2615138 578 62
12.2687083 578 62
12.2759081 578 62
12.2830922 578 62
12.2902930 578 62
12.2975044 578 62
12.3047127 578 62
12.3118943 578 62
12.3190732 578 62
12.3262819 578 62
12.3335046 578 62
12.3407027 578 62
12.3478716 578 62
12.3550600 578 62
12.3622522 578 62
12.3694636 578 62
12.3766449 578 62
12.3838199 578 62
12.3909964 578 62
12.3981578 578 62
12.4053479 578 62
12.4125586 578 62
12.4197671 578 62
12.4269758 578 62
12.4341734 578 62
12.4413833 578 62
12.4485597 578 62
12.4557591 579 62
12.4629595 579 62
12.4701603 579 62
12.4773644 579 62
12.4845638 579 62
12.4917773 579 62
12.4989719 579 62
12.5061764 579 62
12.5133612 579 62
12.5205455 579 62
12.5277549 579 62
12.5349423 579 62
12.5421377 579 62
12.5493337 579 62
12.5565342 579 62
12.5637266 579 62
12.5709485 579 62
12.5781408 579 62
12.5853273 579 62
12.5925062 579 62
12.5997278 579 62
12.6069351 579 62
12.6141357 579 62
12.6213341 579 62
12.6285202 579 62
12.6357232 579 62
12.6429211 579 62
12.6501251 579 62
12.6573280 579 62
12.6645250 579 62
12.6717237 579 62
12.6789242 579 62
12.6861140 579 62
12.6933151 579 62
12.7005161 579 62
12.7077100 580 62
12.7148819 580 62
12.7220770 580 62
12.7292725 580 62
12.7364795 580 62
12.7436926 580 62
12.7508704 580 62
12.7580645 580 62
12.7652364 580 62
12.7724435 580 62
12.7796424 580 62
12.7868524 580 62
12.7940489 580 62
12.8012676 580 62
12.8084651 580 62
12.8156764 580 62
12.8228836 580 62
12.8300583 580 62
12.8372521 580 62
12.8444474 580 62
12.8516567 580 62
12.8588640 580 62
12.8660559 580 62
12.8732568 580 62
12.8804439 580 62
12.8876478 580 62
12.8948198 580 62
12.9020305 580 62
12.9092093 580 62
12.9164056 580 62
12.9236087 580 62
12.9307962 580 62
12.9379786 580 62
12.9451703 580 62
12.9523581 580 62
12.9595446 581 62
12.9667597 581 62
12.9739665 581 62
12.9811690 581 62
12.9883654 581 62
12.9955421 581 62
13.0027331 581 62
13.0099419 581 62
13.0171146 581 62
13.0243376 581 62
13.0315568 581 62
13.0387618 581 62
13.0459701 581 62
13.0531655 581 62
13.0603729 581 62
13.0675770 581 62
13.0747643 581 62
13.0819436 581 62
13.0891389 581 62
13.0963633 581 62
13.1035762 581 62
13.1107618 581 62
13.1179770 581 62
13.1251864 581 62
13.1323783 581 62
13.1395667 581 62
13.1467645 581 62
13.1539660 581 62
13.1611875 581 62
13.1683699 581 62
13.1755565 581 62
13.1827465 581 62
13.1899419 581 62
13.1971121 581 62
13.2043136 582 62
13.2115071 582 62
13.2187089 582 62
13.2259181 582 62
13.2330884 582 62
13.2402908 582 62
13.2474932 582 62
13.2547084 582 62
13.2619142 582 62
13.2691416 582 62
13.2763301 582 62
13.2835393 582 62
13.2907528 582 62
13.2979585 582 62
13.3051636 582 62
13.3123685 582 62
13.3195515 582 62
13.3267473 582 62
13.3339383 582 62
13.3411474 582 62
13.3483444 582 62
13.3555442 582 62
13.3627475 582 62
13.3699566 582 62
13.3771672 582 62
13.3843479 582 62
13.3915512 582 62
13.3987642 582 62
13.4059603 582 62
13.4131761 582 62
13.4203717 582 62
13.4275702 582 62
13.4347594 582 62
13.4419647 582 62
13.4491727 582 62
13.4563765 583 62
13.4635772 583 62
13.4708052 583 62
13.4779929 583 62
13.4851750 583 62
13.4924138 583 62
13.4996163 583 62
13.5068062 583 62
13.5140119 583 62
13.5212136 583 62
13.5284150 583 62
13.5356286 583 62
13.5428341 583 62
13.5500207 583 62
13.5572136 583 62
13.5644241 583 62
13.5716101 583 62
13.5788090 583 62
13.5860026 583 62
13.5931797 583 62
13.6004089 583 62
13.6076292 583 62
13.6148514 583 62
13.6220473 583 62
13.6292505 583 62
13.6364385 583 62
13.6436463 583 62
13.6508500 583 62
13.6580455 583 62
13.6652456 583 62
13.6724387 583 62
13.6796438 583 62
13.6868522 583 62
13.6940396 583 62
13.7012390 583 62
13.7084403 584 62
13.7156653 584 62
13.7228705 584 62
13.7300976 584 62
13.7372932 584 62
13.7444808 584 62
13.7516652 584 62
13.7588788 584 62
13.7660936 584 62
13.7732838 584 62
13.7805019 584 62
13.7876890 584 62
13.7948797 584 62
13.8020829 584 62
13.8092732 584 62
13.8164779 584 62
13.8236893 584 62
13.8309058 584 62
13.8381010 584 62
13.8453040 584 62
13.8525083 584 62
13.8597086 584 62
13.8669050 584 62
13.8741054 584 62
13.8813167 584 62
13.8885006 584 62
13.8957031 584 62
13.9028799 584 62
13.9100774 584 62
13.9172797 584 62
13.9244701 584 62
13.9316645 584 62
13.9388677 584 62
13.9460557 584 62
13.9532523 584 62
13.9604396 585 62
13.9676395 585 62
13.9748294 585 62
13.9820316 585 62
13.9892196 585 62
13.9964433 585 62
14.0036513 585 62
14.0108431 585 62
14.0180534 585 62
14.0252524 585 62
14.0324711 585 62
14.0396775 585 62
14.0468671 585 62
14.0540640 585 62
14.0612710 585 62
14.0684509 585 62
14.0756467 585 62
14.0828344 585 62
14.0900418 585 62
14.0972526 585 62
14.1044522 585 62
14.1116771 585 62
14.1188500 585 62
14.1260404 585 62
14.1332486 585 62
14.1404567 585 62
14.1476603 585 62
14.1548658 585 62
14.1620734 585 62
14.1692900 585 62
14.1764749 585 62
14.1836743 585 62
14.1908654 585 62
14.1980623 585 62
14.2052359 586 62
14.2124249 586 62
14.2196275 586 62
14.2268317 586 62
14.2340427 586 62
14.2412350 586 62
14.2484509 586 62
14.2556457 586 62
14.2628309 586 62
14.2700388 586 62
14.2772570 586 62
14.2844708 586 62
14.2916990 586 62
14.2989187 586 62
14.3061343 586 62
14.3133357 586 62
14.3205310 586 62
14.3277363 586 62
14.3349551 586 62
14.3421869 586 62
14.3493881 586 62
14.3565953 586 62
14.3638031 586 62
14.3710062 586 62
14.3781996 586 62
14.3853899 586 62
14.3925997 586 62
14.3998110 586 62
14.4070168 586 62
14.4142130 586 62
14.4213893 586 62
14.4285991 586 62
14.4357898 586 62
14.4430015 586 62
14.4502087 586 62
14.4573867 587 62
14.4646139 587 62
14.4718079 587 62
14.4790177 587 62
14.4862102 587 62
14.4934058 587 62
14.5006057 587 62
14.5078114 587 62
14.5150194 587 62
14.5222450 587 62
14.5294792 587 62
14.5366874 587 62
14.5438964 587 62
14.5511084 587 62
14.5583191 587 62
14.5655214 587 62
14.5727190 587 62
14.5799135 587 62
14.5871212 587 62
14.5943164 587 62
14.6015118 587 62
14.6086965 587 62
14.6159145 587 62
14.6231174 587 62
14.6303289 587 62
14.6375412 587 62
14.6447243 587 62
14.6519213 587 62
14.6591096 587 62
14.6663032 587 62
14.6734929 587 62
14.6806905 587 62
14.6878879 587 62
14.6950942 587 62
14.7022794 588 62
14.7094538 588 62
14.7166595 588 62
14.7238622 588 62
14.7310542 588 62
14.7382487 588 62
14.7454507 588 62
14.7526475 588 62
14.7598655 588 62
14.7670629 588 62
14.7742645 588 62
14.7814594 588 62
14.7886710 602 62
14.7958679 602 62
14.8030642 602 62
14.8102679 602 62
14.8174684 602 62
14.8246734 602 62
14.8318907 602 62
14.8390749 602 62
14.8462670 602 62
14.8534724 602 62
14.8606806 602 62
14.8678757 602 62
14.8750795 602 62
14.8822865 602 62
14.8894901 602 62
14.8966943 602 62
14.9038656 602 62
14.9110629 602 62
14.9182676 602 62
14.9254776 602 62
14.9326759 602 62
14.9398957 602 62
14.9471068 602 62
14.9542932 603 62
14.9614959 603 62
14.9687039 603 62
14.9758951 603 62
14.9830904 603 62
14.9902842 603 62
14.9974774 603 62
15.0046937 603 62
15.0119444 603 62
15.0191469 603 62
15.0263472 603 62
15.0335461 603 62
15.0407518 603 62
15.0479444 603 62
15.0551330 603 62
15.0623209 603 62
15.0695338 603 62
15.0767393 603 62
15.0839352 603 62
15.0911277 603 62
15.0983405 603 62
15.1055617 603 62
15.1127720 603 62
15.1199565 603 62
15.1271576 603 62
15.1343558 603 62
15.1415590 603 62
15.1487481 603 62
15.1559465 603 62
15.1631613 603 62
15.1703687 613 62
15.1775720 613 62
15.1847623 613 62
15.1919459 613 62
15.1991459 613 62
15.2063460 614 62
15.2135360 614 62
15.2207390 614 62
15.2279287 614 62
15.2351292 614 62
15.2423196 614 62
15.2495067 614 62
15.2567241 614 62
15.2639237 614 62
15.2711260 614 62
15.2783201 614 62
15.2855348 614 62
15.2927340 614 62
15.2999125 614 62
15.3071259 614 62
15.3143442 614 62
15.3215558 614 62
15.3287503 614 62
15.3359540 614 62
15.3431416 614 62
15.3503313 614 62
15.3575532 614 62
15.3647814 614 62
15.3719512 614 62
15.3791583 614 62
15.3863483 614 62
15.3935489 614 62
15.4007671 614 62
15.4079780 614 62
15.4151881 614 62
15.4223954 614 62
15.4295970 614 62
15.4367964 614 62
15.4439989 614 62
15.4512158 614 62
15.4584145 615 62
15.4656190 615 62
15.4728231 615 62
15.4800169 615 62
15.4872078 615 62
15.4944137 615 62
15.5016229 615 62
15.5088275 615 62
15.5160306 615 62
15.5232280 615 62
15.5304323 615 62
15.5376318 615 62
15.5448231 615 62
15.5520249 615 62
15.5592168 615 62
15.5664364 615 62
15.5736371 615 62
15.5808470 615 62
15.5880340 615 62
15.5952469 615 62
15.6024426 615 62
15.6096384 615 62
15.6168168 615 62
15.6240036 615 62
15.6312059 615 62
15.6384100 615 62
15.6456110 615 62
15.6528218 615 62
15.6600127 615 62
15.6672223 615 62
15.6744435 615 62
15.6816435 615 62
15.6888484 615 62
15.6960568 615 62
15.7032412 615 62
15.7104241 616 62
15.7176268 616 62
15.7248228 616 62
15.7320072 616 62
15.7391982 616 62
15.7463771 616 62
15.7535683 616 62
15.7607589 616 62
15.7679866 616 62
15.7751794 616 62
15.7823630 616 62
15.7895602 616 62
15.7967627 616 62
15.8039606 616 62
15.8111524 616 62
15.8183350 616 62
15.8255419 616 62
15.8327518 616 62
15.8399502 616 62
15.8471375 616 62
15.8543434 616 62
15.8615704 616 62
15.8687824 616 62
15.8759902 616 62
15.8831750 616 62
15.8903547 616 62
15.8975705 616 62
15.9047698 616 62
15.9119795 616 62
15.9191684 616 62
15.9263857 616 62
15.9336027 616 62
15.9408020 616 62
15.9479877 616 62
15.9552200 616 62
15.9624465 617 62
15.9696396 617 62
15.9768425 617 62
15.9840335 617 62
15.9912338 617 62
15.9984397 617 62
16.0056263 617 62
16.0128116 617 62
16.0200173 617 62
16.0272052 617 62
16.0344032 617 62
16.0416168 617 62
16.0488021 617 62
16.0560186 617 62
16.0632218 617 62
16.0704197 617 62
16.0776297 617 62
16.0848339 617 62
16.0920404 617 62
16.0992563 617 62
16.1064572 617 62
16.1136525 617 62
16.1208754 617 62
16.1280847 617 62
16.1353044 617 62
16.1425466 617 62
16.1497736 617 62
16.1569553 617 62
16.1641480 617 62
16.1713477 617 62
16.1785372 617 62
16.1857372 617 62
16.1929384 617 62
16.2001414 617 62
16.2073463 617 62
16.2145476 618 62
16.2217635 618 62
16.2289653 618 62
16.2361698 618 62
16.2433965 618 62
16.2505883 618 62
16.2577858 618 62
16.2649912 618 62
16.2721837 618 62
16.2793902 618 62
16.2866029 618 62
16.2937961 618 62
16.3009783 618 62
16.3081806 618 62
16.3153971 618 62
16.3225988 618 62
16.3297702 618 62
16.3369707 618 62
16.3441733 618 62
16.3514154 618 62
16.3586046 618 62
16.3657948 618 62
16.3729692 618 62
16.3801656 618 62
16.3873515 618 62
16.3945454 618 62
16.4017445 618 62
16.4089302 618 62
16.4161289 618 62
16.4233213 618 62
16.4304950 618 62
16.4376843 618 62
16.4448864 618 62
16.4521041 618 62
16.4592883 618 62
16.4664772 619 62
16.4736803 619 62
16.4808778 619 62
16.4880846 619 62
16.4953006 619 62
16.5025062 619 62
16.5096853 619 62
16.5168964 619 62
16.5240804 619 62
16.5312711 619 62
16.5384830 619 62
16.5456532 619 62
16.5528638 619 62
16.5600834 619 62
16.5672977 619 62
16.5745010 619 62
16.5817069 619 62
16.5889243 619 62
16.5961475 619 62
16.6033400 619 62
16.6105562 619 62
16.6177558 619 62
16.6249416 619 62
16.6321376 619 62
16.6393439 619 62
16.6465488 619 62
16.6537600 619 62
16.6609541 619 62
16.6681490 619 62
16.6753541 619 62
16.6825446 619 62
16.6897536 619 62
16.6969593 619 62
16.7041450 619 62
16.7113101 620 62
16.7185057 620 62
16.7257231 620 62
16.7329319 620 62
16.7401323 620 62
16.7473430 620 62
16.7545352 620 62
16.7617153 620 62
16.7689144 620 62
16.7761135 620 62
16.7833097 620 62
16.7905322 620 62
16.7977373 620 62
16.8049580 620 62
16.8121312 620 62
16.8193199 620 62
16.8265346 620 62
16.8337273 620 62
16.8409321 620 62
16.8481247 620 62
16.8553404 620 62
16.8625130 620 62
16.8697091 620 62
16.8768849 620 62
16.8840751 620 62
16.8912766 620 62
16.8984714 620 62
16.9056697 620 62
16.9128735 620 62
16.9200331 620 62
16.9272192 620 62
16.9344328 620 62
16.9416369 620 62
16.9488416 620 62
16.9560433 620 62
16.9632605 621 62
16.9704625 621 62
16.9776564 621 62
16.9848472 621 62
16.9920410 621 62
16.9992715 621 62
17.0064784 621 62
17.0136701 621 62
17.0208802 621 62
17.0280831 621 62
17.0352793 621 62
17.0425096 621 62
17.0497115 621 62
17.0569023 621 62
17.0640985 621 62
17.0713057 621 62
17.0785042 621 62
17.0857111 621 62
17.0928985 621 62
17.1000863 621 62
17.1072907 621 62
17.1144818 621 62
17.1216806 621 62
17.1288941 621 62
17.1360743 621 62
17.1432533 621 62
17.1504562 621 62
17.1576412 621 62
17.1648307 621 62
17.1720364 621 62
17.1792500 621 62
17.1864770 621 62
17.1936450 621 62
17.2008379 621 62
17.2080359 621 62
17.2152508 622 62
17.2224260 622 62
17.2296271 622 62
17.2368062 622 62
17.2440159 622 62
17.2512226 622 62
17.2584204 622 62
17.2656155 622 62
17.2728073 622 62
17.2800168 622 62
17.2872036 622 62
17.2944333 622 62
17.3016664 622 62
17.3088660 622 62
17.3160647 622 62
17.3232613 622 62
17.3304581 622 62
17.3376621 622 62
17.3448832 622 62
17.3520740 622 62
17.3592533 622 62
17.3664553 622 62
17.3736472 622 62
17.3808689 622 62
17.3880683 622 62
17.3952806 622 62
17.4024840 622 62
17.4096881 622 62
17.4168932 622 62
17.4240782 622 62
17.4312770 622 62
17.4384653 622 62
17.4456599 622 62
17.4528557 622 62
17.4600475 622 62
17.4672433 623 62
17.4744288 623 62
17.4815996 623 62
17.4887807 623 62
17.4959809 623 62
17.5032051 623 62
17.5104279 623 62
17.5176540 623 62
17.5248774 623 62
17.5320921 623 62
17.5392991 623 62
17.5465152 623 62
17.5537262 623 62
17.5609209 623 62
17.5681491 623 62
17.5753487 623 62
17.5825542 623 62
17.5897611 643 62
17.5969815 643 62
17.6041689 643 62
17.6113598 643 62
17.6185415 643 62
17.6257397 643 62
17.6329416 643 62
17.6401573 643 62
17.6473643 643 62
17.6545606 643 62
17.6617469 643 62
17.6689474 643 62
17.6761350 643 62
17.6833688 643 62
17.6905750 643 62
17.6977830 643 62
17.7050038 643 62
17.7122011 643 62
17.7193964 644 62
17.7266053 644 62
17.7337945 644 62
17.7409828 644 62
17.7481835 644 62
17.7553904 644 62
17.7625664 644 62
17.7697691 644 62
17.7769691 644 62
17.7841783 644 62
17.7913781 644 62
17.7985755 644 62
17.8057638 644 62
17.8129594 644 62
17.8201596 644 62
17.8273644 644 62
17.8345779 644 62
17.8417706 644 62
17.8489833 644 62
17.8561622 644 62
17.8633591 644 62
17.8705792 644 62
17.8777781 644 62
17.8849801 644 62
17.8921758 644 62
17.8993968 644 62
17.9065879 644 62
17.9137887 644 62
17.9210079 644 62
17.9282142 644 62
17.9354311 644 62
17.9426139 644 62
17.9498108 644 62
17.9570065 644 62
17.9642043 645 62
17.9714005 645 62
17.9786050 645 62
17.9858142 645 62
17.9930145 645 62
18.0002104 645 62
18.0073992 645 62
18.0145816 645 62
18.0217682 645 62
18.0289400 645 62
18.0361669 645 62
18.0433588 645 62
18.0505671 645 62
18.0577601 645 62
18.0649627 645 62
18.0721471 645 62
18.0793681 645 62
18.0865735 645 62
18.0937738 645 62
18.1009646 645 62
18.1081693 645 62
18.1153561 645 62
18.1225568 645 62
18.1297302 645 62
18.1369369 645 62
18.1441389 645 62
18.1513280 645 62
18.1585328 645 62
18.1657391 645 62
18.1729099 645 62
18.1800992 645 62
18.1872861 645 62
18.1944809 645 62
18.2016738 645 62
18.2088646 645 62
18.2160314 646 62
18.2232431 646 62
18.2304179 646 62
18.2375974 646 62
18.2447736 646 62
18.2519612 646 62
18.2591573 646 62
18.2663591 646 62
18.2735672 646 62
18.2807659 646 62
18.2879780 646 62
18.2951932 646 62
18.3023933 646 62
18.3096100 646 62
18.3168032 646 62
18.3239989 646 62
18.3312186 646 62
18.3384245 646 62
18.3456348 646 62
18.3528366 646 62
18.3600294 646 62
18.3672197 646 62
18.3743989 646 62
18.3816253 646 62
18.3888247 646 62
18.3960303 646 62
18.4032337 646 62
18.4104554 646 62
18.4176379 646 62
18.4248445 646 62
18.4320433 646 62
18.4392507 646 62
18.4464490 646 62
18.4536295 646 62
18.4608176 646 62
18.4680127 647 62
18.4752249 647 62
18.4824133 647 62
18.4895975 647 62
18.4968071 647 62
18.5039987 647 62
18.5112045 647 62
18.5183742 647 62
18.5255823 647 62
18.5327855 647 62
18.5399953 647 62
18.5472127 647 62
18.5544005 647 62
18.5615851 647 62
18.5687960 647 62
18.5759990 647 62
18.5832077 647 62
18.5904110 647 62
18.5976194 647 62
18.6048346 647 62
18.6120511 647 62
18.6192583 647 62
18.6264687 647 62
18.6336651 647 62
18.6408551 647 62
18.6480749 647 62
18.6552589 647 62
18.6624716 647 62
18.6696982 647 62
18.6768793 647 62
18.6840760 647 62
18.6912718 647 62
18.6984687 647 62
18.7056815 647 62
18.7128936 648 62
18.7201246 648 62
18.7273036 648 62
18.7344951 648 62
18.7417111 648 62
18.7489051 648 62
18.7560775 648 62
18.7632792 648 62
18.7704804 648 62
18.7776823 648 62
18.7848708 648 62
18.7920713 648 62
18.7992812 648 62
18.8064897 648 62
18.8136787 648 62
18.8208840 648 62
18.8280848 648 62
18.8352903 648 62
18.8424818 648 62
18.8496740 648 62
18.8568656 648 62
18.8640672 648 62
18.8712691 648 62
18.8784809 648 62
18.8856806 648 62
18.8928824 648 62
18.9000787 648 62
18.9072857 648 62
18.9144781 648 62
18.9216634 648 62
18.9288712 648 62
18.9360793 648 62
18.9432764 648 62
18.9504622 648 62
18.9576521 648 62
18.9648268 649 62
18.9720158 649 62
18.9792218 649 62
18.9864182 649 62
18.9936179 649 62
19.0008181 649 62
19.0080267 649 62
19.0152484 649 62
19.0224447 649 62
19.0296513 649 62
19.0368605 649 62
19.0440461 649 62
19.0512585 649 62
19.0584825 649 62
19.0656905 649 62
19.0728990 649 62
19.0801060 649 62
19.0873202 649 62
19.0945359 649 62
19.1017278 649 62
19.1089156 649 62
19.1161321 649 62
19.1233590 649 62
19.1305573 649 62
19.1377351 649 62
19.1449522 649 62
19.1521504 649 62
19.1593243 649 62
19.1665285 649 62
19.1737361 649 62
19.1809369 649 62
19.1881396 649 62
19.1953115 649 62
19.2024969 649 62
19.2097028 649 62
19.2169032 650 62
19.2241005 650 62
19.2312745 650 62
19.2384680 650 62
19.2456727 650 62
19.2528625 650 62
19.2600731 650 62
19.2672687 650 62
19.2744686 650 62
19.2816508 650 62
19.2888403 650 62
19.2960477 650 62
19.3032395 650 62
19.3104348 650 62
19.3176502 650 62
19.3248586 650 62
19.3320712 650 62
19.3392846 650 62
19.3464961 650 62
19.3536990 650 62
19.3609134 650 62
19.3681033 650 62
19.3752929 650 62
19.3824867 650 62
19.3896943 650 62
19.3968839 650 62
19.4040613 650 62
19.4112683 650 62
19.4184585 650 62
19.4256540 650 62
19.4328758 650 62
19.4400805 650 62
19.4472943 650 62
19.4544971 650 62
19.4616672 650 62
19.4688738 651 62
19.4760735 651 62
19.4832718 651 62
19.4904531 651 62
19.4976575 651 62
19.5048567 651 62
19.5120771 651 62
19.5192873 651 62
19.5264892 651 62
19.5337001 651 62
19.5409130 651 62
19.5481254 651 62
19.5553360 651 62
19.5625332 651 62
19.5697289 651 62
19.5769136 651 62
19.5840870 651 62
19.5912820 651 62
19.5984674 651 62
19.6056827 651 62
19.6128834 651 62
19.6200893 651 62
19.6272802 651 62
19.6344877 651 62
19.6416721 651 62
19.6488853 651 62
19.6560819 651 62
19.6632840 651 62
19.6704373 651 62
19.6776383 651 62
19.6848232 651 62
19.6920352 651 62
19.6992471 651 62
19.7064285 651 62
19.7136101 652 62
19.7208222 652 62
19.7280378 652 62
19.7352191 652 62
19.7424285 652 62
19.7496544 652 62
19.7568487 652 62
19.7640387 652 62
19.7712513 652 62
19.7784531 652 62
19.7856734 652 62
19.7928964 652 62
19.8001091 652 62
19.8073161 652 62
19.8145110 652 62
19.8217034 652 62
19.8288941 652 62
19.8360966 652 62
19.8432874 652 62
19.8504846 652 62
19.8576765 652 62
19.8648812 652 62
19.8720777 652 62
19.8792820 652 62
19.8864691 652 62
19.8936629 652 62
19.9008702 652 62
19.9080579 652 62
19.9152473 652 62
19.9224297 652 62
19.9296258 652 62
19.9368261 652 62
19.9440384 652 62
19.9512461 652 62
19.9584508 652 62
19.9656562 653 62
19.9728595 653 62
19.9800551 653 62
19.9872595 653 62
19.9944929 653 62
20.0016794 653 62
20.0088703 653 62
20.0160722 653 62
20.0232694 653 62
20.0304850 653 62
20.0376727 653 62
20.0448739 653 62
20.0520690 653 62
20.0592617 653 62
20.0664808 653 62
20.0736496 653 62
20.0808245 653 62
20.0880308 653 62
20.0952482 653 62
20.1024371 653 62
20.1096309 653 62
20.1168300 653 62
20.1240288 653 62
20.1312307 653 62
20.1384368 653 62
20.1456400 653 62
20.1528343 653 62
20.1600275 653 62
20.1672430 653 62
20.1744444 653 62
20.1816568 653 62
20.1888687 653 62
20.1960535 653 62
20.2032580 653 62
20.2104579 654 62
20.2176696 654 62
20.2248622 654 62
20.2320577 654 62
20.2392599 654 62
20.2464684 654 62
20.2536700 654 62
20.2608812 654 62
20.2680878 654 62
20.2752955 654 62
20.2824954 654 62
20.2896904 654 62
20.2968990 654 62
20.3040723 654 62
20.3112647 654 62
20.3184781 654 62
20.3256578 654 62
20.3328454 654 62
20.3400405 654 62
20.3472671 654 62
20.3544758 654 62
20.3617026 654 62
20.3688928 654 62
20.3761057 654 62
20.3833107 654 62
20.3905104 654 62
20.3977109 654 62
20.4049137 654 62
20.4121330 654 62
20.4193308 654 62
20.4265425 654 62
20.4337680 654 62
20.4409700 654 62
20.4481659 654 62
20.4553716 654 62
20.4625823 655 62
20.4697838 655 62
20.4769691 655 62
20.4841669 655 62
20.4913504 655 62
20.4985459 655 62
20.5057262 655 62
20.5129251 655 62
20.5201303 655 62
20.5273552 655 62
20.5345705 655 62
20.5417954 655 62
20.5490101 655 62
20.5562118 655 62
20.5634046 655 62
20.5706008 655 62
20.5778021 655 62
20.5849826 655 62
20.5921699 655 62
20.5993744 655 62
20.6065659 655 62
20.6137529 655 62
20.6209614 655 62
20.6281578 655 62
20.6353515 655 62
20.6425541 655 62
20.6497482 655 62
20.6569554 655 62
20.6641682 655 62
20.6713483 655 62
20.6785562 655 62
20.6857417 655 62
20.6929334 655 62
20.7001489 655 62
20.7073374 655 62
20.7145156 656 62
20.7217069 656 62
20.7288907 656 62
20.7360829 656 62
20.7432866 656 62
20.7504976 656 62
20.7577206 656 62
20.7649219 656 62
20.7721095 656 62
20.7793285 656 62
20.7865252 656 62
20.7937347 656 62
20.8009355 656 62
20.8081336 656 62
20.8153294 656 62
20.8225170 656 62
20.8297128 656 62
20.8368954 656 62
20.8441144 656 62
20.8513162 656 62
20.8585141 656 62
20.8657294 656 62
20.8729221 656 62
20.8801104 656 62
20.8872948 656 62
20.8944865 656 62
20.9016792 656 62
20.9089098 656 62
20.9161059 656 62
20.9232921 656 62
20.9304948 656 62
20.9377032 656 62
20.9448927 656 62
20.9520708 656 62
20.9592701 656 62
20.9664520 657 62
20.9736448 657 62
20.9808397 657 62
20.9880318 657 62
20.9952241 657 62
21.0024311 657 62
21.0096274 657 62
21.0168409 657 62
21.0240246 657 62
21.0312347 657 62
21.0384320 657 62
21.0456460 657 62
21.0528321 657 62
21.0600356 657 62
21.0672449 657 62
21.0744457 657 62
21.0816321 657 62
21.0888366 657 62
21.0960231 657 62
21.1032121 657 62
21.1104148 657 62
21.1176154 657 62
21.1247852 657 62
21.1319764 657 62
21.1391665 657 62
21.1463686 657 62
21.1535862 657 62
21.1608111 657 62
21.1679909 657 62
21.1752101 657 62
21.1824243 657 62
21.1896201 657 62
21.1968213 657 62
21.2040298 657 62
21.2112525 657 62
21.2184508 658 62
21.2256583 658 62
21.2328625 658 62
21.2400578 658 62
21.2472524 658 62
21.2544481 658 62
21.2616371 658 62
21.2688497 658 62
21.2760625 658 62
21.2832874 658 62
21.2904759 658 62
21.2977018 658 62
21.3048972 658 62
21.3120785 658 62
21.3192737 658 62
21.3264665 658 62
21.3336381 658 62
21.3408394 658 62
21.3480257 658 62
21.3552340 658 62
21.3624270 658 62
21.3695971 658 62
21.3767808 658 62
21.3840030 658 62
21.3911846 658 62
21.3983857 658 62
21.4055670 658 62
21.4127520 658 62
21.4199629 658 62
21.4271745 658 62
21.4343540 658 62
21.4415555 658 62
21.4487543 658 62
21.4559568 658 62
21.4631452 658 62
21.4703550 659 62
21.4775643 659 62
21.4847583 659 62
21.4919736 659 62
21.4991601 659 62
21.5063665 659 62
21.5135584 659 62
21.5207494 659 62
21.5279316 659 62
21.5351316 659 62
21.5423280 659 62
21.5495195 659 62
21.5567450 659 62
21.5639495 659 62
21.5711578 659 62
21.5783723 659 62
21.5855776 659 62
21.5927563 659 62
21.5999555 659 62
21.6071484 659 62
21.6143534 659 62
21.6215707 659 62
21.6287560 659 62
21.6359636 667 62
21.6431966 667 62
21.6504060 667 62
21.6575925 667 62
21.6647811 667 62
21.6719918 667 62
21.6791925 667 62
21.6864055 667 62
21.6936110 667 62
21.7008220 667 62
21.7080115 667 62
21.7152121 667 62
21.7224347 667 62
21.7296182 667 62
21.7368172 667 62
21.7440104 667 62
21.7511972 667 62
21.7583813 667 62
21.7655814 667 62
21.7727862 667 62
21.7799954 667 62
21.7872095 667 62
21.7944084 667 62
21.8015733 667 62
21.8087668 667 62
21.8159447 667 62
21.8231460 667 62
21.8303400 667 62
21.8375365 667 62
21.8447367 667 62
21.8519432 667 62
21.8591480 667 62
21.8663567 667 62
21.8735835 667 62
21.8807997 667 62
21.8879885 667 62
21.8951975 667 62
21.9023726 667 62
21.9095789 667 62
21.9167604 667 62
21.9239476 667 62
21.9311291 667 62
21.9383055 667 62
21.9455052 667 62
21.9527064 667 62
21.9598985 667 62
21.9670941 667 62
21.9743242 667 62
21.9815203 667 62
21.9887104 667 62
21.9958830 667 62
22.0030756 667 62
22.0102897 667 62
22.0174878 667 62
22.0246809 667 62
22.0318840 667 62
22.0390774 667 62
22.0462865 667 62
22.0534982 667 62
22.0606819 667 62
22.0678811 667 62
22.0750881 667 62
22.0822828 667 62
22.0894812 667 62
22.0967023 667 62
22.1038847 667 62
22.1110750 667 62
22.1182679 667 62
22.1254771 667 62
22.1326743 667 62
22.1398792 667 62
22.1470826 667 62
22.1542775 667 62
22.1614838 667 62
22.1687089 667 62
22.1759208 667 62
22.1831280 667 62
22.1903089 667 62
22.1975110 667 62
22.2046888 667 62
22.2119006 667 62
22.2190815 667 62
22.2262717 667 62
22.2334705 667 62
22.2406746 667 62
22.2478653 667 62
22.2550749 667 62
22.2622705 667 62
22.2694473 667 62
22.2766540 667 62
22.2838692 667 62
22.2910731 667 62
22.2982951 667 62
22.3054796 667 62
22.3126733 667 62
22.3198838 667 62
22.3270822 667 62
22.3342848 667 62
22.3414908 667 62
22.3487197 667 62
22.3559071 667 62
22.3630945 667 62
22.3703074 667 62
22.3774940 667 62
22.3846836 667 62
22.3918785 667 62
22.3990863 667 62
22.4062733 667 62
22.4134862 667 62
22.4206884 667 62
22.4278938 667 62
22.4351026 667 62
22.4423037 667 62
22.4495043 667 62
22.4567109 667 62
22.4639197 667 62
22.4711275 667 62
22.4783258 667 62
22.4855208 667 62
22.4927369 667 62
22.4999299 667 62
22.5071308 667 62
22.5143203 667 62
22.5215168 667 62
22.5287332 667 62
22.5359323 667 62
22.5431421 667 62
22.5503421 667 62
22.5575454 667 62
22.5647396 667 62
22.5719510 667 62
22.5791649 667 62
22.5863651 667 62
22.5935898 667 62
22.6008229 667 62
22.6080222 667 62
22.6152398 667 62
22.6224273 667 62
22.6296364 667 62
22.6368356 667 62
22.6440350 667 62
22.6511993 667 62
22.6583953 667 62
22.6655978 667 62
22.6728101 667 62
22.6800128 667 62
22.6872090 667 62
22.6944083 667 62
22.7015983 667 62
22.7088067 667 62
22.7159901 667 62
22.7232050 667 62
22.7303872 667 62
22.7375707 667 62
22.7447759 667 62
22.7519906 667 62
22.7591709 667 62
22.7663752 667 62
22.7735667 667 62
22.7807743 667 62
22.7879574 667 62
22.7951559 667 62
22.8023598 667 62
22.8095674 667 62
22.8167747 667 62
22.8239629 667 62
22.8311752 667 62
22.8383801 667 62
22.8455866 667 62
22.8528044 667 62
22.8600121 667 62
22.8672140 667 62
22.8743891 667 62
22.8815903 667 62
22.8887780 667 62
22.8959893 667 62
22.9031933 667 62
22.9103980 667 62
22.9175865 667 62
22.9248005 667 62
22.9319906 667 62
22.9392069 667 62
22.9464119 667 62
22.9536305 667 62
22.9608152 667 62
22.9680143 667 62
22.9751967 667 62
22.9824066 667 62
22.9896397 667 62
22.9968595 667 62
23.0040555 667 62
23.0112643 667 62
23.0184633 667 62
23.0256512 667 62
23.0328437 667 62
23.0400261 667 62
23.0472422 667 62
23.0544694 667 62
23.0616823 667 62
23.0688935 667 62
23.0761042 667 62
23.0832939 667 62
23.0904702 667 62
23.0976795 667 62
23.1048683 667 62
23.1120611 667 62
23.1192569 667 62
23.1264490 667 62
23.1336443 667 62
23.1408511 667 62
23.1480512 667 62
23.1552725 667 62
23.1624871 667 62
23.1696905 667 62
23.1768699 667 62
23.1840571 667 62
23.1912587 667 62
23.1984416 667 62
23.2056228 667 62
23.2128025 667 62
23.2200048 667 62
23.2271983 667 62
23.2343905 667 62
23.2415865 667 62
23.2487630 667 62
23.2559585 667 62
23.2631669 667 62
23.2703540 667 62
23.2775757 667 62
23.2847823 667 62
23.2920036 667 62
23.2991822 667 62
23.3063980 667 62
23.3135986 667 62
23.3207955 667 62
23.3280024 667 62
23.3352084 667 62
23.3424096 667 62
23.3495983 667 62
23.3567941 667 62
23.3640039 667 62
23.3712059 667 62
23.3784065 667 62
23.3856244 667 62
23.3928381 667 62
23.4000349 667 62
23.4072593 667 62
23.4144668 667 62
23.4216940 667 62
23.4288935 667 62
23.4360773 667 62
23.4432805 667 62
23.4504880 667 62
23.4576785 667 62
23.4648901 667 62
23.4721084 667 62
23.4792830 667 62
23.4864555 667 62
23.4936747 667 62
23.5008722 667 62
23.5080671 667 62
23.5152793 667 62
23.5224616 667 62
23.5296554 667 62
23.5368736 667 62
23.5440656 667 62
23.5512859 667 62
23.5584753 667 62
23.5656835 667 62
23.5728786 667 62
23.5800819 667 62
23.5872665 667 62
23.5944710 667 62
23.6016815 667 62
23.6088807 667 62
23.6160833 667 62
23.6232908 667 62
23.6304816 667 62
23.6376970 667 62
23.6448898 667 62
23.6520681 667 62
23.6592738 667 62
23.6664791 667 62
23.6736851 667 62
23.6808833 667 62
23.6880745 667 62
23.6952773 667 62
23.7024857 667 62
23.7096709 667 62
23.7168649 667 62
23.7240621 667 62
23.7312472 667 62
23.7384378 667 62
23.7456341 667 62
23.7528384 667 62
23.7600362 667 62
23.7672448 667 62
23.7744706 667 62
23.7816701 667 62
23.7888808 667 62
23.7960800 667 62
23.8032873 667 62
23.8104940 667 62
23.8177051 667 62
23.8249116 667 62
23.8321148 667 62
23.8393108 667 62
23.8465202 667 62
23.8537146 667 62
23.8609260 667 62
23.8681038 667 62
23.8753067 667 62
23.8825094 667 62
23.8896981 667 62
23.8969014 667 62
23.9040753 667 62
23.9112658 667 62
23.9184591 667 62
23.9256623 667 62
23.9328831 667 62
23.9401010 667 62
23.9473013 667 62
23.9545069 667 62
23.9617151 667 62
23.9689100 667 62
23.9761021 667 62
23.9832947 667 62
23.9905035 667 62
23.9977176 667 62
24.0000000 667 62
