lua
0.0000522 32
0.0072562 102 16
0.0144019 105 16
0.0216032 109 17
0.0287923 112 18
0.0360001 115 19
0.0432158 118 19
0.0504402 121 21
0.0576579 124 21
0.0648546 127 21
0.0720617 130 21
0.0792434 133 22
0.0864363 136 23
0.0936505 139 23
0.1008648 142 23
0.1080748 145 23
0.1152849 148 24
0.1224845 151 24
0.1296769 154 25
0.1368760 157 26
0.1441047 159 26
0.1513006 162 26
0.1585180 165 27
0.1657159 168 28
0.1729272 171 28
0.1801250 173 29
0.1873146 176 30
0.1945091 179 30
0.2017175 181 32
0.2089390 184 32
0.2161628 187 32
0.2233850 189 32
0.2305770 192 32
0.2377860 194 33
0.2449757 197 33
0.2521721 199 35
0.2593792 202 37
0.2665781 204 37
0.2737696 207 38
0.2809715 209 39
0.2881866 212 39
0.2953879 214 40
0.3025859 217 40
0.3098006 219 41
0.3170025 221 41
0.3241964 224 41
0.3314051 226 41
0.3386026 228 41
0.3457875 231 41
0.3529970 233 42
0.3602076 235 43
0.3674186 238 43
0.3746074 240 43
0.3818005 242 43
0.3890039 244 43
0.3962173 246 44
0.4034161 249 44
0.4106061 251 44
0.4178272 253 44
0.4250388 255 44
0.4322324 257 45
0.4394360 259 45
0.4466096 261 45
0.4537941 263 45
0.4609844 266 45
0.4681668 268 45
0.4753957 270 46
0.4826028 272 46
0.4897875 274 46
0.4969895 276 46
0.5041986 278 47
0.5113811 280 47
0.5185773 281 47
0.5257529 283 47
0.5329590 285 47
0.5401557 287 47
0.5473411 289 47
0.5545406 291 48
0.5617593 293 48
0.5689741 295 49
0.5761677 296 49
0.5833512 298 49
0.5905707 300 49
0.5977834 302 49
0.6049799 304 49
0.6122012 305 49
0.6194071 307 50
0.6266261 309 50
0.6338228 311 50
0.6410318 312 50
0.6482209 314 50
0.6554186 316 50
0.6626281 317 50
0.6698442 319 50
0.6770283 321 50
0.6842233 322 50
0.6914238 324 50
0.6986041 326 50
0.7058309 327 50
0.7130430 329 50
0.7202614 330 50
0.7274644 332 50
0.7346630 334 51
0.7418584 335 51
0.7490608 337 51
0.7562457 338 51
0.7634546 340 51
0.7706664 341 51
0.7778652 343 51
0.7850466 344 51
0.7922313 346 51
0.7994474 347 51
0.8066724 349 51
0.8138793 350 51
0.8210767 352 51
0.8282438 353 51
0.8354443 354 51
0.8426235 356 51
0.8498130 357 51
0.8570134 359 51
0.8641964 360 51
0.8714023 361 51
0.8786048 363 51
0.8858071 364 51
0.8930018 365 51
0.9002058 367 51
0.9074200 368 51
0.9146178 369 51
0.9218393 371 51
0.9290437 372 51
0.9362476 373 51
0.9434633 374 51
0.9506581 376 51
0.9578785 377 51
0.9650784 378 51
0.9722902 379 51
0.9794962 381 51
0.9866901 382 51
0.9938732 383 51
1.0010853 384 51
1.0082807 385 51
1.0154858 387 51
1.0226572 388 51
1.0298587 389 51
1.0370815 390 51
1.0442721 391 51
1.0514823 392 51
1.0586972 394 51
1.0658847 395 51
1.0730880 396 51
1.0802911 397 51
1.0875022 398 51
1.0947050 399 51
1.1018990 400 51
1.1091193 401 51
1.1163199 402 51
1.1235282 403 51
1.1307142 404 51
1.1379191 405 51
1.1451078 406 51
1.1523263 408 51
1.1595377 409 51
1.1667338 410 51
1.1739289 411 51
1.1811311 412 51
1.1883464 413 51
1.1955545 414 51
1.2027695 415 51
1.2099565 415 51
1.2171526 416 51
1.2243369 417 51
1.2315252 418 51
1.2387279 419 51
1.2459375 420 51
1.2531202 421 52
1.2603031 422 52
1.2674991 423 52
1.2747010 424 52
1.2819058 425 52
1.2891157 426 52
1.2963140 427 52
1.3035039 428 52
1.3107043 428 52
1.3178803 429 52
1.3250973 430 52
1.3323043 431 52
1.3395023 432 52
1.3466965 433 52
1.3538922 434 52
1.3611016 434 52
1.3683050 435 52
1.3755146 436 52
1.3827274 437 52
1.3899350 438 52
1.3971384 438 52
1.4043385 439 52
1.4115483 440 52
1.4187369 441 52
1.4259380 442 52
1.4331430 442 52
1.4403553 443 52
1.4475438 444 52
1.4547511 445 52
1.4619718 445 52
1.4691690 446 52
1.4763849 447 52
1.4835855 448 52
1.4907777 448 52
1.4979662 449 52
1.5051722 450 52
1.5123696 451 52
1.5195559 451 52
1.5267529 452 52
1.5339619 453 52
1.5411679 453 52
1.5483768 454 52
1.5555837 455 52
1.5627598 455 52
1.5699705 456 52
1.5771682 457 52
1.5843709 457 52
1.5915598 458 52
1.5987566 459 52
1.6059645 459 52
1.6131614 460 52
1.6203671 461 52
1.6275707 461 52
1.6347879 462 52
1.6419702 463 52
1.6491586 463 52
1.6563461 464 52
1.6635289 465 52
1.6707330 465 52
1.6779330 466 52
1.6851245 466 52
1.6923179 467 52
1.6995224 468 52
1.7066987 468 52
1.7138907 469 52
1.7211115 469 52
1.7283086 470 52
1.7355112 470 52
1.7427132 471 52
1.7499242 472 52
1.7571289 472 52
1.7643351 473 52
1.7715305 473 52
1.7787550 474 52
1.7859635 474 52
1.7931611 475 52
1.8003640 475 52
1.8075650 476 52
1.8147907 477 52
1.8219788 477 52
1.8291753 478 52
1.8364071 478 52
1.8436085 479 52
1.8508210 479 52
1.8580224 480 52
1.8652211 480 52
1.8723886 481 52
1.8795873 481 52
1.8867897 482 52
1.8939939 482 52
1.9012047 483 52
1.9084147 483 52
1.9156193 484 52
1.9228300 484 52
1.9300359 485 52
1.9372299 485 52
1.9444186 485 52
1.9516008 486 52
1.9588092 486 52
1.9660033 487 52
1.9731963 487 52
1.9804047 488 52
1.9876327 488 52
1.9948242 489 52
2.0020260 489 52
2.0092277 490 52
2.0164318 490 52
2.0236326 490 52
2.0308271 491 52
2.0380090 491 52
2.0451961 492 52
2.0523946 492 52
2.0595882 492 52
2.0667898 493 52
2.0740017 493 52
2.0811695 494 52
2.0883623 494 53
2.0955557 495 53
2.1027475 495 53
2.1099767 495 53
2.1171831 496 53
2.1243898 496 53
2.1315891 496 53
2.1387820 497 53
2.1459902 497 53
2.1531941 498 53
2.1603954 498 53
2.1676173 498 53
2.1748324 499 53
2.1820304 499 53
2.1892146 499 53
2.1964154 500 53
2.2036014 500 53
2.2108217 501 53
2.2180152 501 53
2.2251916 501 53
2.2323814 502 53
2.2395509 502 53
2.2467535 502 53
2.2539609 503 53
2.2611496 503 53
2.2683460 503 53
2.2755200 504 53
2.2827033 504 53
2.2898894 504 53
2.2971036 505 53
2.3042835 505 53
2.3114758 505 53
2.3186930 506 53
2.3258806 506 53
2.3330867 506 53
2.3402955 507 53
2.3474835 507 53
2.3546683 507 53
2.3618677 507 53
2.3690495 508 53
2.3762465 508 53
2.3834638 508 53
2.3906831 509 53
2.3978789 509 53
2.4050787 509 53
2.4122703 510 53
2.4194574 510 53
2.4266575 510 53
2.4338688 510 53
2.4410712 511 53
2.4482649 511 53
2.4554366 511 53
2.4626406 512 53
2.4698292 512 53
2.4770280 512 53
2.4842332 512 53
2.4914525 513 53
2.4986507 513 53
2.5058521 513 53
2.5130629 513 53
2.5202768 514 53
2.5274510 514 53
2.5346783 514 53
2.5418831 514 53
2.5490876 515 53
2.5562937 515 53
2.5634790 515 53
2.5706583 515 53
2.5778722 516 53
2.5850628 516 53
2.5922490 516 53
2.5994421 516 53
2.6066299 517 53
2.6138436 517 53
2.6210223 517 53
2.6282107 517 53
2.6354169 518 53
2.6426346 518 53
2.6498298 518 53
2.6570055 518 53
2.6642072 519 53
2.6714102 519 53
2.6786106 519 53
2.6858014 519 53
2.6930109 519 53
2.7002283 520 53
2.7074317 520 53
2.7146447 520 53
2.7218437 520 53
2.7290405 521 53
2.7362243 521 53
2.7434390 521 53
2.7506347 521 53
2.7578352 521 53
2.7650364 522 53
2.7722191 522 53
2.7794286 522 53
2.7866154 522 53
2.7938138 522 53
2.8010242 523 53
2.8082236 523 53
2.8154456 523 53
2.8226318 523 53
2.8298358 523 53
2.8370441 524 53
2.8442217 524 53
2.8514199 524 53
2.8586125 524 53
2.8658234 524 53
2.8730140 524 53
2.8802318 525 53
2.8874279 525 53
2.8946232 525 53
2.9018145 525 53
2.9090012 525 53
2.9161815 526 53
2.9233874 526 53
2.9305864 526 53
2.9377677 526 53
2.9449731 526 53
2.9521798 526 53
2.9593780 527 53
2.9665911 527 53
2.9737749 527 53
2.9809618 527 53
2.9881554 527 53
2.9953688 527 53
3.0025652 528 53
3.0097616 528 53
3.0169845 528 53
3.0241825 528 53
3.0313924 528 53
3.0385921 528 53
3.0457960 529 53
3.0529969 529 53
3.0601787 529 53
3.0673596 529 53
3.0745609 529 53
3.0817485 529 53
3.0889625 529 53
3.0961515 530 53
3.1033699 530 53
3.1105669 530 53
3.1177570 530 53
3.1249518 530 53
3.1321388 530 53
3.1393411 530 53
3.1465457 531 53
3.1537567 531 53
3.1609726 531 53
3.1681626 531 53
3.1753619 531 53
3.1825663 531 53
3.1897905 531 53
3.1969888 532 53
3.2041916 532 53
3.2113955 532 53
3.2185706 532 53
3.2257839 532 53
3.2329849 532 53
3.2401751 532 53
3.2473809 532 53
3.2546140 533 53
3.2618173 533 53
3.2690137 533 53
3.2762104 533 53
3.2834046 533 53
3.2906310 533 53
3.2978309 533 53
3.3050291 533 53
3.3122276 534 53
3.3194257 534 53
3.3266402 534 53
3.3338421 534 53
3.3410438 534 53
3.3482509 534 53
3.3554823 534 53
3.3626906 534 53
3.3698928 535 53
3.3770918 535 53
3.3842870 535 53
3.3914911 535 53
3.3986717 535 53
3.4058619 535 53
3.4130494 535 53
3.4202275 535 53
3.4274283 535 53
3.4346123 536 53
3.4418118 536 53
3.4490131 536 53
3.4562099 536 53
3.4634042 536 53
3.4706044 536 53
3.4777740 536 53
3.4849715 536 53
3.4921441 536 53
3.4993324 536 53
3.5065300 537 53
3.5137206 537 53
3.5208794 537 53
3.5280978 537 53
3.5352859 537 53
3.5425029 537 53
3.5496963 537 53
3.5568937 537 53
3.5640908 537 53
3.5712791 537 53
3.5784884 538 53
3.5856650 538 53
3.5928755 538 53
3.6000815 538 53
3.6072988 538 53
3.6144905 538 53
3.6216750 538 53
3.6288881 538 53
3.6360795 538 53
3.6433039 538 53
3.6505159 538 53
3.6577224 539 53
3.6649145 539 53
3.6720996 539 53
3.6792790 539 53
3.6864867 539 53
3.6936777 539 53
3.7008651 539 53
3.7080577 539 53
3.7152764 539 53
3.7224820 539 53
3.7296764 539 53
3.7368754 539 53
3.7440530 540 53
3.7512565 540 53
3.7584608 540 53
3.7656764 540 53
3.7728664 540 53
3.7800762 540 53
3.7872635 540 53
3.7944663 540 53
3.8016730 540 53
3.8088723 540 53
3.8160558 540 53
3.8232426 540 53
3.8304251 540 53
3.8376152 541 53
3.8448176 541 53
3.8520177 541 53
3.8592321 541 53
3.8664221 541 53
3.8736222 541 53
3.8808069 541 53
3.8880038 541 53
3.8951960 541 53
3.9023967 541 53
3.9095899 541 53
3.9167887 541 53
3.9240085 541 53
3.9311945 541 53
3.9384019 542 53
3.9456166 542 53
3.9528435 542 53
3.9600100 542 53
3.9672219 542 53
3.9744186 542 53
3.9815912 542 53
3.9887831 542 53
3.9959914 542 53
4.0031839 542 53
4.0103802 542 53
4.0175730 542 53
4.0247505 542 53
4.0319496 542 53
4.0391524 542 53
4.0463483 543 53
4.0535399 543 53
4.0607262 543 53
4.0679236 543 53
4.0751383 543 53
4.0823589 543 53
4.0895646 543 53
4.0967773 543 53
4.1039904 543 53
4.1111976 543 53
4.1184004 543 53
4.1256257 543 53
4.1328390 543 53
4.1400418 543 53
4.1472449 543 53
4.1544473 543 53
4.1616498 543 54
4.1688321 544 54
4.1760371 544 54
4.1832202 544 54
4.1904266 544 54
4.1976444 544 54
4.2048453 544 54
4.2120550 544 54
4.2192593 544 54
4.2264649 544 54
4.2336850 544 54
4.2408922 544 54
4.2480884 544 54
4.2552660 544 54
4.2624813 544 54
4.2696634 544 54
4.2768794 544 54
4.2840674 544 54
4.2912798 544 54
4.2984943 545 54
4.3057014 545 54
4.3129089 545 54
4.3201012 545 54
4.3273006 545 54
4.3344880 545 54
4.3416898 545 54
4.3488833 545 54
4.3560641 545 54
4.3632553 545 55
4.3704875 545 55
4.3776809 545 55
4.3848770 545 55
4.3920727 545 55
4.3992868 545 55
4.4065124 545 55
4.4137011 545 55
4.4208953 545 55
4.4280792 545 55
4.4352973 545 55
4.4425130 546 55
4.4497011 546 55
4.4569013 546 55
4.4640994 546 55
4.4712767 546 55
4.4784819 546 55
4.4857006 546 55
4.4928829 546 55
4.5000925 546 55
4.5073119 546 55
4.5144989 546 55
4.5217055 546 55
4.5289040 546 55
4.5360983 546 55
4.5432915 546 55
4.5504955 546 55
4.5576956 546 55
4.5648819 546 55
4.5721051 546 55
4.5793013 546 55
4.5864880 546 55
4.5937028 546 55
4.6008993 547 55
4.6080828 547 55
4.6152752 547 55
4.6224656 547 55
4.6296533 547 55
4.6368390 547 55
4.6440261 547 55
4.6512138 547 55
4.6583882 547 55
4.6655493 547 55
4.6727247 547 55
4.6799241 547 55
4.6871175 547 55
4.6943041 547 55
4.7015079 547 55
4.7087018 547 55
4.7158912 547 55
4.7231001 547 55
4.7302972 547 55
4.7374896 547 55
4.7446937 547 55
4.7518928 547 55
4.7590826 547 55
4.7663041 547 55
4.7734990 548 55
4.7806890 548 55
4.7878523 548 55
4.7950540 548 55
4.8022489 548 55
4.8094578 548 55
4.8166529 548 55
4.8238610 548 55
4.8310776 548 55
4.8382730 548 55
4.8454656 548 56
4.8526657 548 56
4.8598666 548 56
4.8670752 548 56
4.8742638 548 56
4.8814838 548 56
4.8886882 548 56
4.8958991 548 56
4.9031033 548 56
4.9103141 548 56
4.9175173 548 56
4.9247055 548 56
4.9319074 548 56
4.9391086 548 56
4.9463191 548 56
4.9535302 548 56
4.9607247 548 56
4.9679475 549 56
4.9751348 549 56
4.9823280 549 56
4.9895177 549 56
4.9967328 549 56
5.0039399 549 56
5.0111311 549 56
5.0183069 549 56
5.0254993 549 56
5.0327045 549 56
5.0398998 549 56
5.0470799 549 56
5.0542786 549 56
5.0614872 549 56
5.0686540 549 56
5.0758487 549 56
5.0830324 549 56
5.0902407 549 56
5.0974414 549 56
5.1046490 549 56
5.1118540 549 56
5.1190579 549 56
5.1262446 549 56
5.1334473 549 56
5.1406440 549 56
5.1478456 549 56
5.1550452 549 56
5.1622466 549 56
5.1694318 549 56
5.1766287 549 56
5.1838383 549 56
5.1910444 550 56
5.1982373 550 56
5.2054385 550 56
5.2126540 550 56
5.2198565 550 56
5.2270728 550 56
5.2343100 550 56
5.2414802 550 56
5.2486609 550 56
5.2558583 550 56
5.2630492 550 56
5.2702586 550 56
5.2774805 550 56
5.2846843 550 56
5.2918804 550 56
5.2990752 550 56
5.3062954 550 56
5.3135051 550 56
5.3206996 550 56
5.3279109 550 56
5.3350917 550 56
5.3422909 550 56
5.3494785 550 56
5.3566642 550 56
5.3638618 550 56
5.3710683 550 56
5.3782863 550 56
5.3854935 550 56
5.3926938 550 56
5.3998813 550 56
5.4070925 550 56
5.4143043 550 56
5.4215131 550 56
5.4287170 550 56
5.4359233 551 56
5.4431056 551 56
5.4503135 551 56
5.4575014 551 56
5.4646987 551 56
5.4718814 551 56
5.4790786 551 56
5.4862789 551 56
5.4934946 551 56
5.5007098 551 56
5.5079033 551 56
5.5150935 551 56
5.5222799 551 56
5.5294749 551 56
5.5366890 551 56
5.5438822 551 56
5.5510957 551 56
5.5583077 551 56
5.5655316 551 56
5.5727346 551 56
5.5799427 551 56
5.5871573 551 56
5.5943699 551 56
5.6015946 551 56
5.6088137 551 56
5.6160029 551 56
5.6231940 551 56
5.6303683 551 56
5.6375867 551 56
5.6447884 551 56
5.6519918 551 56
5.6591994 551 56
5.6663894 551 56
5.6735723 551 56
5.6807771 551 56
5.6879847 552 56
5.6952099 552 56
5.7024122 552 56
5.7095923 552 56
5.7167925 552 56
5.7239762 552 56
5.7311749 552 56
5.7383699 552 56
5.7455782 552 56
5.7527927 552 56
5.7599942 552 56
5.7671917 552 56
5.7743970 552 56
5.7815915 552 56
5.7887990 552 56
5.7959921 552 56
5.8031768 552 56
5.8103601 552 56
5.8175741 552 56
5.8247775 552 56
5.8319955 552 56
5.8391765 552 56
5.8463721 552 56
5.8535833 552 56
5.8607649 552 56
5.8679649 552 56
5.8751620 552 56
5.8823580 552 56
5.8895441 552 56
5.8967338 552 56
5.9039096 552 56
5.9110871 552 56
5.9182924 552 56
5.9254904 552 56
5.9326906 552 56
5.9398714 553 56
5.9470662 553 56
5.9542887 553 56
5.9614877 553 56
5.9686832 553 56
5.9758761 553 56
5.9830684 553 56
5.9902432 553 56
5.9974574 553 56
6.0046363 553 56
6.0118168 553 56
6.0190240 553 56
6.0262091 553 56
6.0334109 553 56
6.0406186 553 56
6.0478232 553 56
6.0550087 553 56
6.0622043 553 56
6.0694155 553 56
6.0766280 553 56
6.0838194 553 56
6.0910145 553 56
6.0982257 553 56
6.1053972 553 56
6.1126039 553 56
6.1198278 553 56
6.1270074 553 56
6.1342077 553 56
6.1414155 553 56
6.1486137 553 56
6.1558228 553 56
6.1630399 553 56
6.1702504 553 56
6.1774435 553 56
6.1846249 553 56
6.1918467 554 56
6.1990705 554 56
6.2062695 554 56
6.2134365 554 56
6.2206216 554 56
6.2278152 554 56
6.2350419 554 56
6.2422617 554 56
6.2494424 554 56
6.2566361 554 56
6.2638206 554 56
6.2710225 554 56
6.2782041 554 56
6.2853970 554 56
6.2925902 554 56
6.2998001 554 56
6.3070028 554 56
6.3142034 554 56
6.3213807 554 56
6.3285891 554 56
6.3357743 554 56
6.3429649 554 56
6.3501523 554 56
6.3573521 554 56
6.3645456 554 56
6.3717575 554 56
6.3789483 554 56
6.3861688 554 56
6.3933512 554 56
6.4005654 554 56
6.4077895 554 56
6.4150018 554 56
6.4222017 554 56
6.4293993 554 56
6.4366014 554 56
6.4438067 555 56
6.4510060 555 56
6.4582253 555 56
6.4654286 555 56
6.4726343 555 56
6.4798312 555 56
6.4870198 555 56
6.4942531 555 56
6.5014419 555 56
6.5086444 555 56
6.5158173 555 56
6.5230130 555 56
6.5302098 555 56
6.5374128 555 56
6.5446071 555 56
6.5517945 555 56
6.5589991 555 56
6.5662203 555 56
6.5734150 555 56
6.5805962 555 56
6.5878081 555 56
6.5949999 555 56
6.6022117 555 56
6.6094304 555 56
6.6166283 555 56
6.6238191 555 56
6.6310083 555 56
6.6382197 555 56
6.6454201 555 56
6.6526341 555 56
6.6598468 555 56
6.6670566 555 56
6.6742441 555 56
6.6814411 555 56
6.6886270 555 56
6.6958276 556 56
6.7030358 556 56
6.7102199 556 56
6.7174208 556 56
6.7246217 556 56
6.7318310 556 56
6.7390381 556 56
6.7462413 556 56
6.7534286 556 56
6.7606291 556 56
6.7678542 556 56
6.7750332 556 56
6.7822337 556 56
6.7894387 556 56
6.7966617 556 56
6.8038654 556 56
6.8110560 556 56
6.8182481 556 56
6.8254460 556 56
6.8326588 556 56
6.8398481 556 56
6.8470429 556 56
6.8542407 556 56
6.8614506 556 56
6.8686387 556 56
6.8758253 556 56
6.8830140 556 56
6.8902158 556 56
6.8974160 556 56
6.9046114 556 56
6.9118196 556 56
6.9190275 556 56
6.9262407 556 56
6.9334449 556 56
6.9406330 557 56
6.9478571 557 56
6.9550624 557 56
6.9622688 557 56
6.9694599 557 56
6.9766439 557 56
6.9838348 557 56
6.9910339 557 56
6.9982438 557 56
7.0054394 557 56
7.0126323 557 56
7.0198379 557 56
7.0270231 557 56
7.0342337 557 56
7.0414357 557 56
7.0486189 557 56
7.0558326 557 56
7.0630400 557 56
7.0702661 557 56
7.0774605 557 56
7.0846550 557 56
7.0918750 557 56
7.0990624 557 56
7.1062562 557 56
7.1134570 557 56
7.1206621 557 56
7.1278618 557 56
7.1350616 557 56
7.1422534 557 56
7.1494449 557 56
7.1566385 557 56
7.1638330 557 56
7.1710126 557 56
7.1782011 557 56
7.1854009 557 56
7.1926071 558 56
7.1998214 558 56
7.2070044 558 56
7.2141992 558 56
7.2214159 558 56
7.2285992 558 56
7.2357916 558 56
7.2429802 558 56
7.2501723 558 56
7.2573892 558 56
7.2645826 558 56
7.2717870 558 56
7.2789948 558 56
7.2861883 558 56
7.2933677 558 56
7.3005725 558 56
7.3077791 558 56
7.3149838 558 56
7.3221880 558 56
7.3294003 558 56
7.3365983 558 56
7.3438235 558 56
7.3510302 558 56
7.3582414 558 56
7.3654537 558 56
7.3726395 558 56
7.3798486 558 56
7.3870445 558 56
7.3942459 558 56
7.4014491 558 56
7.4086308 558 56
7.4158255 558 56
7.4230378 558 56
7.4302507 558 56
7.4374542 558 56
7.4446137 559 56
7.4518154 559 56
7.4590076 559 56
7.4662156 559 56
7.4734379 559 56
7.4806368 559 56
7.4878298 559 56
7.4950302 559 56
7.5022348 559 56
7.5094206 559 56
7.5166040 559 56
7.5237961 559 56
7.5310011 559 56
7.5382048 559 56
7.5454096 559 56
7.5525975 559 56
7.5597906 559 56
7.5670000 559 56
7.5741931 559 56
7.5813848 559 56
7.5885878 559 56
7.5958057 559 56
7.6030099 559 56
7.6102071 559 56
7.6173982 559 56
7.6246058 559 56
7.6317935 559 56
7.6389801 559 56
7.6461845 559 56
7.6533892 559 56
7.6605831 559 56
7.6677819 559 56
7.6749744 559 56
7.6821774 559 56
7.6893891 560 56
7.6965857 560 56
7.7037757 560 56
7.7109748 560 56
7.7181783 560 56
7.7253987 560 56
7.7325996 560 56
7.7398209 560 56
7.7470144 560 56
7.7542112 560 56
7.7614166 560 56
7.7686133 560 56
7.7758238 560 56
7.7830261 560 56
7.7902312 560 56
7.7974465 560 56
7.8046347 560 56
7.8118464 560 56
7.8190418 560 56
7.8262315 560 56
7.8334300 560 56
7.8406479 560 56
7.8478424 560 56
7.8550270 560 56
7.8622294 560 56
7.8694231 560 56
7.8766258 560 56
7.8838071 560 56
7.8910162 560 56
7.8982202 560 56
7.9054264 560 56
7.9126259 560 56
7.9198447 560 56
7.9270437 560 56
7.9342414 560 56
7.9414640 561 56
7.9486525 561 56
7.9558662 561 56
7.9630581 561 56
7.9702713 561 56
7.9774522 561 56
7.9846559 561 56
7.9918593 561 56
7.9990683 561 56
8.0062627 561 56
8.0134663 561 56
8.0206812 561 56
8.0278899 561 56
8.0350764 561 56
8.0422842 561 56
8.0495020 561 56
8.0566961 561 56
8.0639007 561 56
8.0710773 561 56
8.0782737 561 56
8.0854694 561 56
8.0926602 561 56
8.0998438 561 56
8.1070356 561 56
8.1142254 561 56
8.1214276 561 56
8.1286410 561 56
8.1358411 561 56
8.1430250 561 56
8.1502267 561 56
8.1574240 561 56
8.1646397 561 56
8.1718445 561 56
8.1790398 561 56
8.1862573 561 56
8.1934631 562 56
8.2006830 562 56
8.2078788 562 56
8.2150473 562 56
8.2222171 562 56
8.2294218 562 56
8.2366274 562 56
8.2438169 562 56
8.2510154 562 56
8.2582100 562 56
8.2654237 562 56
8.2726288 562 56
8.2798359 562 56
8.2870277 562 56
8.2942388 562 56
8.3014281 562 56
8.3086085 562 56
8.3157990 562 56
8.3230157 562 56
8.3302192 562 56
8.3374102 562 56
8.3446063 562 56
8.3518059 562 56
8.3589996 562 56
8.3661922 562 56
8.3733797 562 56
8.3805728 562 56
8.3877822 562 56
8.3949794 562 56
8.4021888 562 56
8.4093845 562 56
8.4165966 562 56
8.4238032 562 56
8.4310115 562 56
8.4381874 562 56
8.4453851 563 56
8.4525979 563 56
8.4597868 563 56
8.4669886 563 56
8.4741899 563 56
8.4813876 563 56
8.4885896 563 56
8.4957835 563 56
8.5029862 563 56
8.5101555 563 56
8.5173603 563 56
8.5245709 563 56
8.5317774 563 56
8.5389631 563 56
8.5461470 563 56
8.5533522 563 56
8.5605576 563 56
8.5677505 563 56
8.5749572 563 56
8.5821706 563 56
8.5893787 563 56
8.5965907 563 56
8.6037992 563 56
8.6109982 563 56
8.6181912 563 56
8.6253928 563 56
8.6325942 563 56
8.6397953 563 56
8.6470022 563 56
8.6542160 563 56
8.6614077 563 56
8.6686307 563 56
8.6758575 563 56
8.6830567 563 56
8.6902534 563 56
8.6974632 564 56
8.7046483 564 56
8.7118439 564 56
8.7190497 564 56
8.7262451 564 56
8.7334348 564 56
8.7406347 564 56
8.7478545 564 56
8.7550682 564 56
8.7622664 564 56
8.7694536 564 56
8.7766418 564 56
8.7838363 564 56
8.7910569 564 56
8.7982731 564 56
8.8054743 564 56
8.8127001 564 56
8.8199238 564 56
8.8271203 564 56
8.8343276 564 56
8.8415624 564 56
8.8487550 564 56
8.8559703 564 56
8.8631769 564 56
8.8704033 564 56
8.8776088 564 56
8.8848051 564 56
8.8920200 564 56
8.8992336 564 56
8.9064575 564 56
8.9136548 564 56
8.9208427 564 56
8.9280390 564 56
8.9352229 564 56
8.9423965 564 56
8.9495945 565 56
8.9567797 565 56
8.9639743 565 56
8.9711713 565 56
8.9783509 565 56
8.9855520 565 56
8.9927590 565 56
8.9999556 565 56
9.0071789 565 56
9.0143811 565 56
9.0215821 565 56
9.0287650 565 56
9.0359578 565 56
9.0431903 565 56
9.0503715 565 56
9.0575644 565 56
9.0647482 565 56
9.0719601 565 56
9.0791302 565 56
9.0863524 565 56
9.0935477 565 56
9.1007589 565 56
9.1079620 565 56
9.1151632 565 56
9.1223636 565 56
9.1295585 565 56
9.1367451 565 56
9.1439618 565 56
9.1511621 565 56
9.1583565 565 56
9.1655495 565 56
9.1727422 565 56
9.1799612 565 56
9.1871760 565 56
9.1943628 565 56
9.2015697 566 56
9.2087576 566 56
9.2159508 566 56
9.2231527 566 56
9.2303776 566 56
9.2375959 566 56
9.2448108 566 56
9.2519994 566 56
9.2591847 566 56
9.2664092 566 56
9.2735982 566 56
9.2808113 566 56
9.2880074 566 56
9.2951921 566 56
9.3023858 566 56
9.3095905 566 56
9.3167778 566 56
9.3239842 566 56
9.3311855 566 56
9.3383872 566 56
9.3456092 566 56
9.3528240 566 56
9.3600087 566 56
9.3672016 566 56
9.3744194 566 56
9.3816246 566 56
9.3888001 566 56
9.3959975 566 56
9.4032042 566 56
9.4104092 566 56
9.4176011 566 56
9.4248119 566 56
9.4320276 566 56
9.4392197 566 56
9.4464262 567 56
9.4536281 567 56
9.4608325 567 56
9.4680212 567 56
9.4751964 567 56
9.4823904 567 56
9.4895911 567 56
9.4968071 567 56
9.5039930 567 56
9.5112020 567 56
9.5183999 567 56
9.5256067 567 56
9.5328280 567 56
9.5400293 567 56
9.5472479 567 56
9.5544496 567 56
9.5616339 567 56
9.5688234 567 56
9.5760371 567 56
9.5832427 567 56
9.5904527 567 56
9.5976561 567 56
9.6048654 567 56
9.6120579 567 56
9.6192652 567 56
9.6264742 567 56
9.6336698 567 56
9.6408476 567 56
9.6480415 567 56
9.6552322 567 56
9.6624183 567 56
9.6696171 567 56
9.6767931 567 56
9.6840040 567 56
9.6911908 567 56
9.6983730 568 56
9.7055879 568 56
9.7127865 568 56
9.7199881 568 56
9.7272014 568 56
9.7343879 568 56
9.7415949 568 56
9.7487962 568 56
9.7559784 568 56
9.7631835 568 56
9.7703925 568 56
9.7775858 568 56
9.7847733 568 56
9.7919664 568 56
9.7991610 568 56
9.8063539 568 56
9.8135569 568 56
9.8207527 568 56
9.8279481 568 56
9.8351558 568 56
9.8423619 568 56
9.8495555 568 56
9.8567564 568 56
9.8639692 568 56
9.8711703 568 56
9.8783700 568 56
9.8855532 568 56
9.8927494 568 56
9.8999641 568 56
9.9071364 568 56
9.9143361 568 56
9.9215470 568 56
9.9287606 568 56
9.9359446 568 56
9.9431489 568 56
9.9503577 569 56
9.9575437 569 56
9.9647497 569 56
9.9719506 569 56
9.9791663 569 56
9.9863686 569 56
9.9935893 569 56
10.0007868 569 56
10.0079895 569 56
10.0151798 569 56
10.0223774 569 56
10.0295637 569 56
10.0367778 569 56
10.0439885 569 56
10.0511821 569 56
10.0583800 569 56
10.0655735 569 56
10.0727651 569 56
10.0799825 569 56
10.0871858 569 56
10.0943843 569 56
10.1015879 569 56
10.1087783 569 56
10.1159592 569 56
10.1231380 569 56
10.1303419 569 56
10.1375574 569 56
10.1447756 569 56
10.1519663 569 56
10.1591590 569 56
10.1663650 569 56
10.1735656 569 56
10.1807662 569 56
10.1879737 569 56
10.1951575 569 56
10.2023691 570 56
10.2095676 570 56
10.2167669 570 56
10.2239779 570 56
10.2311812 570 56
10.2383723 570 56
10.2456067 570 56
10.2527946 570 56
10.2600069 570 56
10.2671997 570 56
10.2743909 570 56
10.2815861 570 56
10.2887819 570 56
10.2959682 570 56
10.3031742 570 56
10.3103484 570 56
10.3175471 570 56
10.3247218 570 56
10.3319140 570 56
10.3391256 570 56
10.3463249 570 56
10.3535105 570 56
10.3606920 570 56
10.3678923 570 56
10.3751072 570 56
10.3823095 570 56
10.3895077 570 56
10.3967013 570 56
10.4039144 570 56
10.4111091 570 56
10.4183242 570 56
10.4255207 570 56
10.4327121 570 56
10.4399044 570 56
10.4471011 571 56
10.4542739 571 56
10.4614861 571 56
10.4686704 571 56
10.4758795 571 56
10.4830513 571 56
10.4902621 571 56
10.4974659 571 56
10.5046765 571 56
10.5118845 571 56
10.5190833 571 56
10.5262901 571 56
10.5334813 571 56
10.5406683 571 56
10.5478765 571 56
10.5550690 571 56
10.5622587 571 56
10.5694619 571 56
10.5766525 571 56
10.5838433 571 56
10.5910555 571 56
10.5982546 571 56
10.6054679 571 56
10.6127143 571 56
10.6199017 571 56
10.6270727 571 56
10.6342680 571 56
10.6414617 571 56
10.6486742 571 56
10.6558677 571 56
10.6630639 571 56
10.6702629 571 56
10.6774539 571 56
10.6846458 571 56
10.6918527 571 56
10.6990328 572 56
10.7062396 572 56
10.7134278 572 56
10.7206390 572 56
10.7278198 572 56
10.7350137 572 56
10.7422196 572 56
10.7494092 572 56
10.7566151 572 56
10.7638208 572 56
10.7710217 572 56
10.7782130 572 56
10.7854084 572 56
10.7926150 572 56
10.7997959 572 56
10.8070261 572 56
10.8142229 572 56
10.8214135 572 56
10.8286056 572 56
10.8358198 572 56
10.8430317 572 56
10.8502371 572 56
10.8574438 572 56
10.8646599 572 56
10.8718458 572 56
10.8790373 572 56
10.8862296 572 56
10.8934360 572 56
10.9006379 572 56
10.9078568 572 56
10.9150246 572 56
10.9222008 572 56
10.9294097 572 56
10.9366184 572 56
10.9438067 572 56
10.9510068 573 56
10.9581849 573 56
10.9653961 573 56
10.9725922 573 56
10.9798060 573 56
10.9870134 573 56
10.9942170 573 56
11.0013929 573 56
11.0085912 573 56
11.0157629 573 56
11.0229789 573 56
11.0301954 573 56
11.0373968 573 56
11.0446022 573 56
11.0517991 573 56
11.0589862 573 56
11.0662071 573 56
11.0734077 573 56
11.0806081 573 56
11.0878157 573 56
11.0950294 573 56
11.1022246 573 56
11.1094268 573 56
11.1166295 573 56
11.1238453 573 56
11.1310526 573 56
11.1382370 573 56
11.1454447 573 56
11.1526683 573 56
11.1598912 573 56
11.1670964 573 56
11.1742961 573 56
11.1814972 573 56
11.1887042 573 56
11.1959115 573 56
11.2031344 574 56
11.2103280 574 56
11.2175098 574 56
11.2247074 574 56
11.2319038 574 56
11.2391158 574 56
11.2463183 574 56
11.2535115 574 56
11.2607386 574 56
11.2679113 574 56
11.2751173 574 56
11.2823225 574 56
11.2895239 574 56
11.2967255 574 56
11.3039254 574 56
11.3111004 574 56
11.3182963 574 56
11.3254898 574 56
11.3326832 574 56
11.3398589 574 56
11.3470560 574 56
11.3542647 574 56
11.3614543 574 56
11.3686575 574 56
11.3758590 574 56
11.3830524 574 56
11.3902552 574 56
11.3974611 574 56
11.4046628 574 56
11.4118586 574 56
11.4190495 574 56
11.4262537 574 56
11.4334444 574 56
11.4406650 574 56
11.4478569 574 56
11.4550634 575 56
11.4622680 575 56
11.4694896 575 56
11.4766940 575 56
11.4838944 575 56
11.4910936 575 56
11.4982829 575 56
11.5055032 575 56
11.5127103 575 56
11.5199112 575 56
11.5271026 575 56
11.5342922 575 56
11.5414968 575 56
11.5487145 575 56
11.5559084 575 56
11.5631146 575 56
11.5703197 575 56
11.5774947 575 56
11.5846904 575 56
11.5919088 575 56
11.5991209 575 56
11.6063225 575 56
11.6135269 575 56
11.6207188 575 56
11.6279333 575 56
11.6351295 575 56
11.6423060 575 56
11.6495127 575 56
11.6567057 575 56
11.6639078 575 56
11.6711158 575 56
11.6783158 575 56
11.6854977 575 56
11.6926840 575 56
11.6999023 576 56
11.7070867 576 56
11.7142889 576 56
11.7214875 576 56
11.7286699 576 56
11.7358607 576 56
11.7430569 576 56
11.7502504 576 56
11.7574613 576 56
11.7646808 576 56
11.7718873 576 56
11.7791021 576 56
11.7863036 576 56
11.7935207 576 56
11.8007320 576 56
11.8079287 576 56
11.8151170 576 56
11.8223344 576 56
11.8295256 576 56
11.8367281 576 56
11.8439033 576 56
11.8510781 576 56
11.8582974 576 56
11.8654780 576 56
11.8726753 576 56
11.8798809 576 56
11.8870850 576 56
11.8942867 576 56
11.9014843 576 57
11.9086883 576 57
11.9158964 576 57
11.9231050 576 57
11.9302973 576 57
11.9374776 576 57
11.9446862 576 57
11.9519037 577 57
11.9591043 577 57
11.9663147 577 57
11.9735097 577 57
11.9807049 577 57
11.9879208 577 57
11.9951187 577 57
12.0023259 577 57
12.0095399 577 57
12.0167393 577 57
12.0239220 577 57
12.0311012 577 57
12.0382765 577 57
12.0454524 577 57
12.0526527 577 57
12.0598275 577 57
12.0670203 577 57
12.0742079 577 57
12.0814089 577 57
12.0885939 577 57
12.0957877 577 57
12.1030175 577 57
12.1102271 577 57
12.1174364 577 57
12.1246207 577 57
12.1318216 577 57
12.1390222 577 57
12.1462329 577 57
12.1534521 577 57
12.1606618 577 57
12.1678623 577 57
12.1750617 577 57
12.1822591 577 57
12.1894764 577 57
12.1966624 577 57
12.2038591 578 57
12.2110412 578 57
12.2182581 578 57
12.2254772 578 57
12.2327016 578 57
12.2398846 578 57
12.2470986 578 57
12.2543002 578 57
12.2615120 578 57
12.2687068 578 57
12.2759060 578 57
12.2830906 578 57
12.2902910 578 57
12.2975030 578 57
12.3047114 578 57
12.3118923 578 57
12.3190718 578 57
12.3262799 578 57
12.3335026 578 57
12.3407008 578 57
12.3478698 578 57
12.3550586 578 57
12.3622503 578 57
12.3694617 578 57
12.3766430 578 57
12.3838180 578 57
12.3909949 578 57
12.3981560 578 57
12.4053465 578 57
12.4125566 578 57
12.4197651 578 57
12.4269742 578 57
12.4341720 578 57
12.4413820 578 57
12.4485581 578 57
12.4557571 579 57
12.4629577 579 57
12.4701585 579 57
12.4773625 579 57
12.4845623 579 57
12.4917754 579 57
12.4989703 579 57
12.5061748 579 57
12.5133595 579 57
12.5205440 579 57
12.5277529 579 57
12.5349404 579 57
12.5421360 579 57
12.5493322 579 57
12.5565329 579 57
12.5637252 579 57
12.5709467 579 57
12.5781387 579 57
12.5853257 579 57
12.5925048 579 57
12.5997257 579 57
12.6069335 579 57
12.6141340 579 57
12.6213327 579 57
12.6285182 579 57
12.6357218 579 57
12.6429198 579 57
12.6501231 579 57
12.6573259 579 57
12.6645229 579 57
12.6717219 579 57
12.6789227 579 57
12.6861126 579 57
12.6933130 579 57
12.7005147 579 57
12.7077086 580 57
12.7148800 580 57
12.7220749 580 57
12.7292712 580 57
12.7364779 580 57
12.7436912 580 57
12.7508685 580 57
12.7580631 580 57
12.7652350 580 57
12.7724413 580 57
12.7796410 580 57
12.7868509 580 57
12.7940474 580 57
12.8012656 580 57
12.8084632 580 57
12.8156748 580 57
12.8228819 580 57
12.8300569 580 57
12.8372501 580 57
12.8444454 580 57
12.8516549 580 57
12.8588623 580 57
12.8660541 580 57
12.8732554 580 57
12.8804424 580 57
12.8876465 580 57
12.8948177 580 57
12.9020287 580 57
12.9092077 580 57
12.9164039 580 57
12.9236073 580 57
12.9307940 580 57
12.9379772 580 57
12.9451687 580 57
12.9523565 580 57
12.9595429 581 57
12.9667579 581 57
12.9739649 581 57
12.9811673 581 57
12.9883635 581 57
12.9955408 581 57
13.0027309 581 57
13.0099405 581 57
13.0171130 581 57
13.0243362 581 57
13.0315547 581 57
13.0387602 581 57
13.0459681 581 57
13.0531639 581 57
13.0603710 581 57
13.0675755 581 57
13.0747623 581 57
13.0819419 581 57
13.0891373 581 57
13.0963617 581 57
13.1035746 581 57
13.1107598 581 57
13.1179754 581 57
13.1251849 581 57
13.1323765 581 57
13.1395652 581 57
13.1467625 581 57
13.1539640 581 57
13.1611855 581 57
13.1683681 581 57
13.1755551 581 57
13.1827451 581 57
13.1899398 581 57
13.1971103 581 57
13.2043116 582 57
13.2115050 582 57
13.2187074 582 57
13.2259167 582 57
13.2330865 582 57
13.2402894 582 57
13.2474916 582 57
13.2547063 582 57
13.2619125 582 57
13.2691396 582 57
13.2763283 582 57
13.2835375 582 57
13.2907509 582 57
13.2979570 582 57
13.3051615 582 57
13.3123667 582 57
13.3195496 582 57
13.3267456 582 57
13.3339363 582 57
13.3411460 582 57
13.3483425 582 57
13.3555421 582 57
13.3627455 582 57
13.3699546 582 57
13.3771658 582 57
13.3843463 582 57
13.3915497 582 57
13.3987626 582 57
13.4059589 582 57
13.4131746 582 57
13.4203698 582 57
13.4275682 582 57
13.4347576 582 57
13.4419628 582 57
13.4491711 582 57
13.4563749 583 57
13.4635758 583 57
13.4708032 583 57
13.4779911 583 57
13.4851732 583 57
13.4924122 583 57
13.4996146 583 57
13.5068046 583 57
13.5140102 583 57
13.5212118 583 57
13.5284136 583 57
13.5356272 583 57
13.5428320 583 57
13.5500190 583 57
13.5572119 583 57
13.5644227 583 57
13.5716084 583 57
13.5788072 583 57
13.5860013 583 57
13.5931777 583 57
13.6004073 583 57
13.6076275 583 57
13.6148497 583 57
13.6220454 583 57
13.6292489 583 57
13.6364369 583 57
13.6436444 583 57
13.6508481 583 57
13.6580439 583 57
13.6652438 583 57
13.6724369 583 57
13.6796419 583 57
13.6868506 583 57
13.6940376 583 57
13.7012369 583 57
13.7084388 584 57
13.7156637 584 57
13.7228689 584 57
13.7300956 584 57
13.7372917 584 57
13.7444791 584 57
13.7516632 584 57
13.7588775 584 57
13.7660916 584 57
13.7732820 584 57
13.7805004 584 57
13.7876874 584 57
13.7948783 584 57
13.8020811 584 57
13.8092716 584 57
13.8164764 584 57
13.8236874 584 57
13.8309044 584 57
13.8380995 584 57
13.8453024 584 57
13.8525069 584 57
13.8597065 584 57
13.8669033 584 57
13.8741039 584 57
13.8813149 584 57
13.8884992 584 57
13.8957016 584 57
13.9028785 584 57
13.9100760 584 57
13.9172781 584 57
13.9244682 584 57
13.9316626 584 57
13.9388663 584 57
13.9460540 584 57
13.9532506 584 57
13.9604377 585 57
13.9676382 585 57
13.9748276 585 57
13.9820300 585 57
13.9892180 585 57
13.9964415 585 57
14.0036498 585 57
14.0108416 585 57
14.0180513 585 57
14.0252504 585 57
14.0324694 585 57
14.0396761 585 57
14.0468651 585 57
14.0540622 585 57
14.0612692 585 57
14.0684488 585 57
14.0756451 585 57
14.0828325 585 57
14.0900405 585 57
14.0972511 585 57
14.1044504 585 57
14.1116750 585 57
14.1188484 585 57
14.1260386 585 57
14.1332467 585 57
14.1404546 585 57
14.1476583 585 57
14.1548642 585 57
14.1620712 585 57
14.1692880 585 57
14.1764734 585 57
14.1836723 585 57
14.1908638 585 57
14.1980607 585 57
14.2052345 586 57
14.2124230 586 57
14.2196257 586 57
14.2268303 586 57
14.2340413 586 57
14.2412330 586 57
14.2484491 586 57
14.2556441 586 57
14.2628292 586 57
14.2700375 586 57
14.2772552 586 57
14.2844690 586 57
14.2916976 586 57
14.2989167 586 57
14.3061325 586 57
14.3133339 586 57
14.3205290 586 57
14.3277343 586 57
14.3349534 586 57
14.3421850 586 57
14.3493867 586 57
14.3565939 586 57
14.3638012 586 57
14.3710044 586 57
14.3781976 586 57
14.3853882 586 57
14.3925978 586 57
14.3998091 586 57
14.4070148 586 57
14.4142114 586 57
14.4213879 586 57
14.4285973 586 57
14.4357878 586 57
14.4430001 586 57
14.4502069 586 57
14.4573848 587 57
14.4646125 587 57
14.4718065 587 57
14.4790158 587 57
14.4862082 587 57
14.4934045 587 57
14.5006043 587 57
14.5078093 587 57
14.5150178 587 57
14.5222435 587 57
14.5294774 587 57
14.5366860 587 57
14.5438945 587 57
14.5511070 587 57
14.5583171 587 57
14.5655196 587 57
14.5727171 587 57
14.5799122 587 57
14.5871198 587 57
14.5943144 587 57
14.6015100 587 57
14.6086948 587 57
14.6159128 587 57
14.6231155 587 57
14.6303269 587 57
14.6375395 587 57
14.6447224 587 57
14.6519192 587 57
14.6591078 587 57
14.6663018 587 57
14.6734915 587 57
14.6806890 587 57
14.6878859 587 57
14.6950925 587 57
14.7022776 588 57
14.7094522 588 57
14.7166576 588 57
14.7238608 588 57
14.7310524 588 57
14.7382473 588 57
14.7454489 588 57
14.7526454 588 57
14.7598640 588 57
14.7670609 588 57
14.7742626 588 57
14.7814578 588 57
14.7886694 599 57
14.7958661 599 57
14.8030625 599 57
14.8102661 599 57
14.8174664 599 57
14.8246716 599 57
14.8318890 599 57
14.8390730 599 57
14.8462653 599 57
14.8534704 599 57
14.8606790 599 57
14.8678736 599 57
14.8750781 599 57
14.8822850 599 57
14.8894884 599 57
14.8966923 599 57
14.9038637 599 57
14.9110614 599 57
14.9182661 599 57
14.9254759 599 57
14.9326745 599 57
14.9398939 599 57
14.9471053 599 57
14.9542915 600 57
14.9614944 600 57
14.9687018 600 57
14.9758933 600 57
14.9830883 600 57
14.9902824 600 57
14.9974760 600 57
15.0046917 600 57
15.0119426 600 57
15.0191448 600 57
15.0263455 600 57
15.0335446 600 57
15.0407504 600 57
15.0479430 600 57
15.0551313 600 57
15.0623194 600 57
15.0695324 600 57
15.0767380 600 57
15.0839331 600 57
15.0911259 600 57
15.0983391 600 57
15.1055598 600 57
15.1127705 600 57
15.1199550 600 57
15.1271561 600 57
15.1343542 600 57
15.1415576 600 57
15.1487460 600 57
15.1559449 600 57
15.1631594 600 57
15.1703669 607 57
15.1775703 607 57
15.1847605 607 57
15.1919443 607 57
15.1991445 607 57
15.2063439 608 57
15.2135343 608 57
15.2207375 608 57
15.2279272 608 57
15.2351272 608 57
15.2423181 608 57
15.2495048 608 57
15.2567227 608 57
15.2639218 608 57
15.2711247 608 57
15.2783186 608 57
15.2855331 608 57
15.2927322 608 57
15.2999107 608 57
15.3071244 608 57
15.3143428 608 57
15.3215542 608 57
15.3287483 608 57
15.3359523 608 57
15.3431395 608 57
15.3503298 608 57
15.3575513 608 57
15.3647801 608 57
15.3719493 608 57
15.3791569 608 57
15.3863464 608 57
15.3935471 608 57
15.4007654 608 57
15.4079763 608 57
15.4151865 608 57
15.4223936 608 57
15.4295953 608 57
15.4367946 608 57
15.4439972 608 57
15.4512138 608 57
15.4584129 609 57
15.4656176 609 57
15.4728217 609 57
15.4800155 609 57
15.4872064 609 57
15.4944122 609 57
15.5016211 609 57
15.5088256 609 57
15.5160291 609 57
15.5232265 609 57
15.5304307 609 57
15.5376301 609 57
15.5448211 609 57
15.5520235 609 57
15.5592148 609 57
15.5664349 609 57
15.5736352 609 57
15.5808454 609 57
15.5880323 609 57
15.5952452 609 57
15.6024409 609 57
15.6096366 609 57
15.6168155 609 57
15.6240020 609 57
15.6312045 609 57
15.6384082 609 57
15.6456093 609 57
15.6528198 609 57
15.6600110 609 57
15.6672210 609 57
15.6744418 609 57
15.6816415 609 57
15.6888468 609 57
15.6960547 609 57
15.7032394 609 57
15.7104220 610 57
15.7176250 610 57
15.7248211 610 57
15.7320054 610 57
15.7391968 610 57
15.7463752 610 57
15.7535668 610 57
15.7607571 610 57
15.7679847 610 57
15.7751774 610 57
15.7823615 610 57
15.7895585 610 57
15.7967611 610 57
15.8039589 610 57
15.8111509 610 57
15.8183331 610 57
15.8255403 610 57
15.8327499 610 57
15.8399483 610 57
15.8471358 610 57
15.8543414 610 57
15.8615683 610 57
15.8687803 610 57
15.8759882 610 57
15.8831731 610 57
15.8903533 610 57
15.8975688 610 57
15.9047682 610 57
15.9119778 610 57
15.9191667 610 57
15.9263836 610 57
15.9336013 610 57
15.9408001 610 57
15.9479860 610 57
15.9552185 610 57
15.9624446 611 57
15.9696379 611 57
15.9768412 611 57
15.9840314 611 57
15.9912324 611 57
15.9984379 611 57
16.0056248 611 57
16.0128099 611 57
16.0200155 611 57
16.0272035 611 57
16.0344017 611 57
16.0416152 611 57
16.0488004 611 57
16.0560172 611 57
16.0632198 611 57
16.0704180 611 57
16.0776283 611 57
16.0848323 611 57
16.0920385 611 57
16.0992545 611 57
16.1064557 611 57
16.1136505 611 57
16.1208741 611 57
16.1280833 611 57
16.1353027 611 57
16.1425452 611 57
16.1497717 611 57
16.1569537 611 57
16.1641460 611 57
16.1713456 611 57
16.1785352 611 57
16.1857353 611 57
16.1929365 611 57
16.2001396 611 57
16.2073450 611 57
16.2145456 612 57
16.2217619 612 57
16.2289638 612 57
16.2361679 612 57
16.2433944 612 57
16.2505868 612 57
16.2577841 612 57
16.2649896 612 57
16.2721817 612 57
16.2793887 612 57
16.2866011 612 57
16.2937944 612 57
16.3009764 612 57
16.3081787 612 57
16.3153950 612 57
16.3225973 612 57
16.3297689 612 57
16.3369687 612 57
16.3441715 612 57
16.3514137 612 57
16.3586028 612 57
16.3657934 612 57
16.3729676 612 57
16.3801640 612 57
16.3873500 612 57
16.3945435 612 57
16.4017430 612 57
16.4089283 612 57
16.4161270 612 57
16.4233195 612 57
16.4304930 612 57
16.4376826 612 57
16.4448850 612 57
16.4521020 612 57
16.4592866 612 57
16.4664753 613 57
16.4736789 613 57
16.4808761 613 57
16.4880829 613 57
16.4952986 613 57
16.5025046 613 57
16.5096835 613 57
16.5168948 613 57
16.5240788 613 57
16.5312691 613 57
16.5384814 613 57
16.5456514 613 57
16.5528622 613 57
16.5600815 613 57
16.5672959 613 57
16.5744991 613 57
16.5817050 613 57
16.5889229 613 57
16.5961460 613 57
16.6033384 613 57
16.6105545 613 57
16.6177542 613 57
16.6249399 613 57
16.6321362 613 57
16.6393423 613 57
16.6465470 613 57
16.6537584 613 57
16.6609521 613 57
16.6681472 613 57
16.6753523 613 57
16.6825430 613 57
16.6897521 613 57
16.6969577 613 57
16.7041429 613 57
16.7113086 614 57
16.7185039 614 57
16.7257214 614 57
16.7329301 614 57
16.7401308 614 57
16.7473415 614 57
16.7545335 614 57
16.7617138 614 57
16.7689125 614 57
16.7761117 614 57
16.7833083 614 57
16.7905307 614 57
16.7977357 614 57
16.8049566 614 57
16.8121292 614 57
16.8193185 614 57
16.8265328 614 57
16.8337256 614 57
16.8409307 614 57
16.8481229 614 57
16.8553384 614 57
16.8625112 614 57
16.8697075 614 57
16.8768833 614 57
16.8840734 614 57
16.8912747 614 57
16.8984699 614 57
16.9056681 614 57
16.9128720 614 57
16.9200310 614 57
16.9272178 614 57
16.9344313 614 57
16.9416354 614 57
16.9488402 614 57
16.9560412 614 57
16.9632585 615 57
16.9704605 615 57
16.9776550 615 57
16.9848454 615 57
16.9920395 615 57
16.9992696 615 57
17.0064769 615 57
17.0136688 615 57
17.0208785 615 57
17.0280816 615 57
17.0352772 615 57
17.0425078 615 57
17.0497099 615 57
17.0569006 615 57
17.0640971 615 57
17.0713039 615 57
17.0785026 615 57
17.0857097 615 57
17.0928965 615 57
17.1000848 615 57
17.1072891 615 57
17.1144797 615 57
17.1216788 615 57
17.1288926 615 57
17.1360725 615 57
17.1432519 615 57
17.1504547 615 57
17.1576395 615 57
17.1648290 615 57
17.1720348 615 57
17.1792484 615 57
17.1864750 615 57
17.1936433 615 57
17.2008362 615 57
17.2080339 615 57
17.2152491 616 57
17.2224244 616 57
17.2296257 616 57
17.2368046 616 57
17.2440142 616 57
17.2512206 616 57
17.2584188 616 57
17.2656141 616 57
17.2728059 616 57
17.2800150 616 57
17.2872015 616 57
17.2944314 616 57
17.3016645 616 57
17.3088646 616 57
17.3160633 616 57
17.3232598 616 57
17.3304564 616 57
17.3376600 616 57
17.3448814 616 57
17.3520721 616 57
17.3592514 616 57
17.3664533 616 57
17.3736456 616 57
17.3808675 616 57
17.3880667 616 57
17.3952789 616 57
17.4024824 616 57
17.4096863 616 57
17.4168919 616 57
17.4240763 616 57
17.4312751 616 57
17.4384636 616 57
17.4456583 616 57
17.4528544 616 57
17.4600461 616 57
17.4672414 617 57
17.4744268 617 57
17.4815980 617 57
17.4887787 617 57
17.4959795 617 57
17.5032035 617 57
17.5104259 617 57
17.5176526 617 57
17.5248756 617 57
17.5320907 617 57
17.5392970 617 57
17.5465134 617 57
17.5537241 617 57
17.5609195 617 57
17.5681476 617 57
17.5753468 617 57
17.5825522 617 57
17.5897590 634 57
17.5969798 634 57
17.6041671 634 57
17.6113577 634 57
17.6185398 634 57
17.6257384 634 57
17.6329401 634 57
17.6401555 634 57
17.6473625 634 57
17.6545589 634 57
17.6617448 634 57
17.6689458 634 57
17.6761334 634 57
17.6833674 634 57
17.6905730 634 57
17.6977810 634 57
17.7050018 634 57
17.7121994 634 57
17.7193944 635 57
17.7266035 635 57
17.7337928 635 57
17.7409808 635 57
17.7481822 635 57
17.7553884 635 57
17.7625644 635 57
17.7697674 635 57
17.7769673 635 57
17.7841762 635 57
17.7913761 635 57
17.7985736 635 57
17.8057618 635 57
17.8129580 635 57
17.8201577 635 57
17.8273630 635 57
17.8345758 635 57
17.8417688 635 57
17.8489819 635 57
17.8561602 635 57
17.8633575 635 57
17.8705777 635 57
17.8777762 635 57
17.8849787 635 57
17.8921741 635 57
17.8993952 635 57
17.9065864 635 57
17.9137867 635 57
17.9210060 635 57
17.9282127 635 57
17.9354294 635 57
17.9426120 635 57
17.9498094 635 57
17.9570047 635 57
17.9642028 636 57
17.9713988 636 57
17.9786033 636 57
17.9858128 636 57
17.9930132 636 57
18.0002085 636 57
18.0073976 636 57
18.0145800 636 57
18.0217667 636 57
18.0289382 636 57
18.0361654 636 57
18.0433569 636 57
18.0505657 636 57
18.0577584 636 57
18.0649610 636 57
18.0721455 636 57
18.0793665 636 57
18.0865719 636 57
18.0937722 636 57
18.1009625 636 57
18.1081676 636 57
18.1153543 636 57
18.1225548 636 57
18.1297283 636 57
18.1369352 636 57
18.1441370 636 57
18.1513263 636 57
18.1585310 636 57
18.1657376 636 57
18.1729084 636 57
18.1800977 636 57
18.1872841 636 57
18.1944794 636 57
18.2016721 636 57
18.2088626 636 57
18.2160299 637 57
18.2232411 637 57
18.2304160 637 57
18.2375959 637 57
18.2447723 637 57
18.2519597 637 57
18.2591557 637 57
18.2663572 637 57
18.2735655 637 57
18.2807642 637 57
18.2879766 637 57
18.2951911 637 57
18.3023912 637 57
18.3096083 637 57
18.3168017 637 57
18.3239969 637 57
18.3312168 637 57
18.3384232 637 57
18.3456331 637 57
18.3528348 637 57
18.3600278 637 57
18.3672178 637 57
18.3743975 637 57
18.3816236 637 57
18.3888231 637 57
18.3960289 637 57
18.4032316 637 57
18.4104541 637 57
18.4176361 637 57
18.4248429 637 57
18.4320417 637 57
18.4392493 637 57
18.4464473 637 57
18.4536275 637 57
18.4608160 637 57
18.4680106 638 57
18.4752232 638 57
18.4824120 638 57
18.4895961 638 57
18.4968054 638 57
18.5039973 638 57
18.5112024 638 57
18.5183727 638 57
18.5255805 638 57
18.5327839 638 57
18.5399934 638 57
18.5472112 638 57
18.5543991 638 57
18.5615835 638 57
18.5687946 638 57
18.5759971 638 57
18.5832059 638 57
18.5904090 638 57
18.5976181 638 57
18.6048328 638 57
18.6120496 638 57
18.6192566 638 57
18.6264668 638 57
18.6336636 638 57
18.6408531 638 57
18.6480732 638 57
18.6552572 638 57
18.6624699 638 57
18.6696961 638 57
18.6768779 638 57
18.6840740 638 57
18.6912698 638 57
18.6984667 638 57
18.7056801 638 57
18.7128920 639 57
18.7201228 639 57
18.7273022 639 57
18.7344938 639 57
18.7417096 639 57
18.7489029 639 57
18.7560755 639 57
18.7632778 639 57
18.7704785 639 57
18.7776803 639 57
18.7848689 639 57
18.7920693 639 57
18.7992798 639 57
18.8064883 639 57
18.8136772 639 57
18.8208822 639 57
18.8280833 639 57
18.8352885 639 57
18.8424802 639 57
18.8496725 639 57
18.8568635 639 57
18.8640654 639 57
18.8712674 639 57
18.8784792 639 57
18.8856792 639 57
18.8928806 639 57
18.9000769 639 57
18.9072839 639 57
18.9144764 639 57
18.9216617 639 57
18.9288698 639 57
18.9360774 639 57
18.9432747 639 57
18.9504605 639 57
18.9576505 639 57
18.9648249 640 57
18.9720143 640 57
18.9792204 640 57
18.9864165 640 57
18.9936160 640 57
19.0008161 640 57
19.0080253 640 57
19.0152469 640 57
19.0224429 640 57
19.0296493 640 57
19.0368589 640 57
19.0440442 640 57
19.0512569 640 57
19.0584808 640 57
19.0656889 640 57
19.0728975 640 57
19.0801041 640 57
19.0873188 640 57
19.0945344 640 57
19.1017261 640 57
19.1089140 640 57
19.1161306 640 57
19.1233570 640 57
19.1305558 640 57
19.1377337 640 57
19.1449506 640 57
19.1521485 640 57
19.1593226 640 57
19.1665267 640 57
19.1737340 640 57
19.1809354 640 57
19.1881377 640 57
19.1953094 640 57
19.2024955 640 57
19.2097013 640 57
19.2169017 641 57
19.2240989 641 57
19.2312727 641 57
19.2384661 641 57
19.2456706 641 57
19.2528606 641 57
19.2600713 641 57
19.2672668 641 57
19.2744665 641 57
19.2816490 641 57
19.2888389 641 57
19.2960460 641 57
19.3032379 641 57
19.3104329 641 57
19.3176489 641 57
19.3248572 641 57
19.3320694 641 57
19.3392829 641 57
19.3464940 641 57
19.3536975 641 57
19.3609119 641 57
19.3681017 641 57
19.3752915 641 57
19.3824851 641 57
19.3896927 641 57
19.3968822 641 57
19.4040593 641 57
19.4112665 641 57
19.4184571 641 57
19.4256524 641 57
19.4328739 641 57
19.4400790 641 57
19.4472923 641 57
19.4544955 641 57
19.4616658 641 57
19.4688723 642 57
19.4760714 642 57
19.4832703 642 57
19.4904510 642 57
19.4976556 642 57
19.5048551 642 57
19.5120752 642 57
19.5192857 642 57
19.5264877 642 57
19.5336983 642 57
19.5409110 642 57
19.5481237 642 57
19.5553346 642 57
19.5625316 642 57
19.5697275 642 57
19.5769115 642 57
19.5840852 642 57
19.5912799 642 57
19.5984658 642 57
19.6056811 642 57
19.6128816 642 57
19.6200877 642 57
19.6272787 642 57
19.6344862 642 57
19.6416701 642 57
19.6488836 642 57
19.6560800 642 57
19.6632822 642 57
19.6704360 642 57
19.6776366 642 57
19.6848214 642 57
19.6920333 642 57
19.6992457 642 57
19.7064268 642 57
19.7136080 643 57
19.7208206 643 57
19.7280357 643 57
19.7352175 643 57
19.7424269 643 57
19.7496528 643 57
19.7568469 643 57
19.7640372 643 57
19.7712499 643 57
19.7784511 643 57
19.7856716 643 57
19.7928944 643 57
19.8001071 643 57
19.8073143 643 57
19.8145089 643 57
19.8217019 643 57
19.8288922 643 57
19.8360947 643 57
19.8432857 643 57
19.8504830 643 57
19.8576745 643 57
19.8648792 643 57
19.8720758 643 57
19.8792803 643 57
19.8864675 643 57
19.8936613 643 57
19.9008687 643 57
19.9080560 643 57
19.9152460 643 57
19.9224282 643 57
19.9296243 643 57
19.9368244 643 57
19.9440368 643 57
19.9512446 643 57
19.9584488 643 57
19.9656544 644 57
19.9728581 644 57
19.9800537 644 57
19.9872575 644 57
19.9944910 644 57
20.0016776 644 57
20.0088689 644 57
20.0160707 644 57
20.0232679 644 57
20.0304830 644 57
20.0376713 644 57
20.0448719 644 57
20.0520670 644 57
20.0592603 644 57
20.0664794 644 57
20.0736478 644 57
20.0808225 644 57
20.0880293 644 57
20.0952468 644 57
20.1024354 644 57
20.1096291 644 57
20.1168282 644 57
20.1240272 644 57
20.1312291 644 57
20.1384350 644 57
20.1456385 644 57
20.1528322 644 57
20.1600261 644 57
20.1672415 644 57
20.1744425 644 57
20.1816553 644 57
20.1888673 644 57
20.1960520 644 57
20.2032563 644 57
20.2104562 645 57
20.2176683 645 57
20.2248606 645 57
20.2320559 645 57
20.2392580 645 57
20.2464664 645 57
20.2536681 645 57
20.2608793 645 57
20.2680863 645 57
20.2752934 645 57
20.2824940 645 57
20.2896885 645 57
20.2968975 645 57
20.3040704 645 57
20.3112632 645 57
20.3184762 645 57
20.3256564 645 57
20.3328436 645 57
20.3400391 645 57
20.3472651 645 57
20.3544744 645 57
20.3617008 645 57
20.3688908 645 57
20.3761039 645 57
20.3833088 645 57
20.3905084 645 57
20.3977088 645 57
20.4049123 645 57
20.4121312 645 57
20.4193295 645 57
20.4265410 645 57
20.4337662 645 57
20.4409686 645 57
20.4481643 645 57
20.4553701 645 57
20.4625803 646 57
20.4697819 646 57
20.4769675 646 57
20.4841649 646 57
20.4913483 646 57
20.4985442 646 57
20.5057242 646 57
20.5129231 646 57
20.5201287 646 57
20.5273532 646 57
20.5345688 646 57
20.5417938 646 57
20.5490080 646 57
20.5562103 646 57
20.5634028 646 57
20.5705987 646 57
20.5778007 646 57
20.5849810 646 57
20.5921682 646 57
20.5993727 646 57
20.6065645 646 57
20.6137514 646 57
20.6209593 646 57
20.6281563 646 57
20.6353499 646 57
20.6425525 646 57
20.6497463 646 57
20.6569538 646 57
20.6641664 646 57
20.6713463 646 57
20.6785544 646 57
20.6857398 646 57
20.6929314 646 57
20.7001473 646 57
20.7073360 646 57
20.7145136 647 57
20.7217051 647 57
20.7288887 647 57
20.7360814 647 57
20.7432847 647 57
20.7504959 647 57
20.7577191 647 57
20.7649201 647 57
20.7721081 647 57
20.7793266 647 57
20.7865231 647 57
20.7937332 647 57
20.8009334 647 57
20.8081316 647 57
20.8153280 647 57
20.8225156 647 57
20.8297110 647 57
20.8368937 647 57
20.8441126 647 57
20.8513146 647 57
20.8585121 647 57
20.8657278 647 57
20.8729201 647 57
20.8801089 647 57
20.8872934 647 57
20.8944850 647 57
20.9016776 647 57
20.9089081 647 57
20.9161045 647 57
20.9232901 647 57
20.9304934 647 57
20.9377011 647 57
20.9448914 647 57
20.9520687 647 57
20.9592688 647 57
20.9664501 648 57
20.9736430 648 57
20.9808379 648 57
20.9880298 648 57
20.9952223 648 57
21.0024290 648 57
21.0096260 648 57
21.0168391 648 57
21.0240226 648 57
21.0312329 648 57
21.0384303 648 57
21.0456440 648 57
21.0528302 648 57
21.0600342 648 57
21.0672436 648 57
21.0744441 648 57
21.0816307 648 57
21.0888352 648 57
21.0960210 648 57
21.1032102 648 57
21.1104131 648 57
21.1176137 648 57
21.1247833 648 57
21.1319750 648 57
21.1391648 648 57
21.1463667 648 57
21.1535849 648 57
21.1608098 648 57
21.1679895 648 57
21.1752084 648 57
21.1824229 648 57
21.1896186 648 57
21.1968200 648 57
21.2040278 648 57
21.2112511 648 57
21.2184494 649 57
21.2256569 649 57
21.2328605 649 57
21.2400557 649 57
21.2472510 649 57
21.2544465 649 57
21.2616358 649 57
21.2688480 649 57
21.2760608 649 57
21.2832856 649 57
21.2904746 649 57
21.2977001 649 57
21.3048957 649 57
21.3120770 649 57
21.3192717 649 57
21.3264646 649 57
21.3336362 649 57
21.3408377 649 57
21.3480242 649 57
21.3552323 649 57
21.3624252 649 57
21.3695958 649 57
21.3767792 649 57
21.3840010 649 57
21.3911831 649 57
21.3983841 649 57
21.4055651 649 57
21.4127501 649 57
21.4199609 649 57
21.4271724 649 57
21.4343526 649 57
21.4415537 649 57
21.4487525 649 57
21.4559551 649 57
21.4631438 649 57
21.4703530 650 57
21.4775625 650 57
21.4847567 650 57
21.4919715 650 57
21.4991581 650 57
21.5063644 650 57
21.5135565 650 57
21.5207477 650 57
21.5279295 650 57
21.5351302 650 57
21.5423261 650 57
21.5495174 650 57
21.5567432 650 57
21.5639482 650 57
21.5711564 650 57
21.5783708 650 57
21.5855756 650 57
21.5927545 650 57
21.5999536 650 57
21.6071469 650 57
21.6143519 650 57
21.6215688 650 57
21.6287542 650 57
21.6359618 657 57
21.6431952 657 57
21.6504046 657 57
21.6575905 657 57
21.6647795 657 57
21.6719904 657 57
21.6791909 657 57
21.6864038 657 57
21.6936092 657 57
21.7008203 657 57
21.7080096 657 57
21.7152104 657 57
21.7224332 657 57
21.7296166 657 57
21.7368155 657 57
21.7440083 657 57
21.7511955 657 57
21.7583792 657 57
21.7655798 657 57
21.7727843 657 57
21.7799936 657 57
21.7872081 657 57
21.7944069 657 57
21.8015717 657 57
21.8087652 657 57
21.8159434 657 57
21.8231442 657 57
21.8303379 657 57
21.8375349 657 57
21.8447351 657 57
21.8519412 657 57
21.8591462 657 57
21.8663550 657 57
21.8735821 657 57
21.8807977 657 57
21.8879868 657 57
21.8951958 657 57
21.9023707 657 57
21.9095769 657 57
21.9167583 657 57
21.9239456 657 57
21.9311274 657 57
21.9383040 657 57
21.9455032 657 57
21.9527044 657 57
21.9598968 657 57
21.9670923 657 57
21.9743226 657 57
21.9815185 657 57
21.9887088 657 57
21.9958811 657 57
22.0030741 657 57
22.0102882 657 57
22.0174865 657 57
22.0246793 657 57
22.0318822 657 57
22.0390755 657 57
22.0462848 657 57
22.0534965 657 57
22.0606804 657 57
22.0678797 657 57
22.0750862 657 57
22.0822813 657 57
22.0894798 657 57
22.0967002 657 57
22.1038829 657 57
22.1110731 657 57
22.1182661 657 57
22.1254754 657 57
22.1326727 657 57
22.1398778 657 57
22.1470808 657 57
22.1542755 657 57
22.1614822 657 57
22.1687072 657 57
22.1759193 657 57
22.1831263 657 57
22.1903073 657 57
22.1975097 657 57
22.2046867 657 57
22.2118987 657 57
22.2190802 657 57
22.2262704 657 57
22.2334691 657 57
22.2406727 657 57
22.2478637 657 57
22.2550730 657 57
22.2622689 657 57
22.2694460 657 57
22.2766523 657 57
22.2838676 657 57
22.2910709 657 57
22.2982937 657 57
22.3054781 657 57
22.3126719 657 57
22.3198824 657 57
22.3270807 657 57
22.3342829 657 57
22.3414888 657 57
22.3487180 657 57
22.3559052 657 57
22.3630930 657 57
22.3703059 657 57
22.3774921 657 57
22.3846819 657 57
22.3918767 657 57
22.3990847 657 57
22.4062716 657 57
22.4134845 657 57
22.4206864 657 57
22.4278918 657 57
22.4351011 657 57
22.4423018 657 57
22.4495025 657 57
22.4567093 657 57
22.4639179 657 57
22.4711260 657 57
22.4783243 657 57
22.4855188 657 57
22.4927351 657 57
22.4999283 657 57
22.5071289 657 57
22.5143185 657 57
22.5215153 657 57
22.5287316 657 57
22.5359308 657 57
22.5431406 657 57
22.5503407 657 57
22.5575437 657 57
22.5647377 657 57
22.5719491 657 57
22.5791630 657 57
22.5863637 657 57
22.5935882 657 57
22.6008209 657 57
22.6080202 657 57
22.6152384 657 57
22.6224252 657 57
22.6296349 657 57
22.6368338 657 57
22.6440333 657 57
22.6511974 657 57
22.6583935 657 57
22.6655959 657 57
22.6728085 657 57
22.6800108 657 57
22.6872071 657 57
22.6944064 657 57
22.7015965 657 57
22.7088053 657 57
22.7159881 657 57
22.7232037 657 57
22.7303858 657 57
22.7375688 657 57
22.7447744 657 57
22.7519886 657 57
22.7591689 657 57
22.7663738 657 57
22.7735653 657 57
22.7807723 657 57
22.7879554 657 57
22.7951542 657 57
22.8023581 657 57
22.8095657 657 57
22.8167728 657 57
22.8239613 657 57
22.8311736 657 57
22.8383787 657 57
22.8455852 657 57
22.8528029 657 57
22.8600106 657 57
22.8672121 657 57
22.8743877 657 57
22.8815885 657 57
22.8887761 657 57
22.8959874 657 57
22.9031916 657 57
22.9103960 657 57
22.9175847 657 57
22.9247991 657 57
22.9319893 657 57
22.9392050 657 57
22.9464105 657 57
22.9536291 657 57
22.9608137 657 57
22.9680125 657 57
22.9751947 657 57
22.9824049 657 57
22.9896379 657 57
22.9968579 657 57
23.0040535 657 57
23.0112623 657 57
23.0184619 657 57
23.0256493 657 57
23.0328419 657 57
23.0400244 657 57
23.0472403 657 57
23.0544679 657 57
23.0616804 657 57
23.0688918 657 57
23.0761025 657 57
23.0832920 657 57
23.0904686 657 57
23.0976781 657 57
23.1048667 657 57
23.1120592 657 57
23.1192548 657 57
23.1264476 657 57
23.1336427 657 57
23.1408491 657 57
23.1480497 657 57
23.1552709 657 57
23.1624852 657 57
23.1696889 657 57
23.1768683 657 57
23.1840553 657 57
23.1912566 657 57
23.1984401 657 57
23.2056210 657 57
23.2128006 657 57
23.2200032 657 57
23.2271969 657 57
23.2343884 657 57
23.2415846 657 57
23.2487612 657 57
23.2559571 657 57
23.2631652 657 57
23.2703520 657 57
23.2775739 657 57
23.2847802 657 57
23.2920016 657 57
23.2991805 657 57
23.3063964 657 57
23.3135971 657 57
23.3207942 657 57
23.3280009 657 57
23.3352066 657 57
23.3424081 657 57
23.3495965 657 57
23.3567922 657 57
23.3640025 657 57
23.3712043 657 57
23.3784051 657 57
23.3856223 657 57
23.3928365 657 57
23.4000333 657 57
23.4072574 657 57
23.4144651 657 57
23.4216924 657 57
23.4288917 657 57
23.4360757 657 57
23.4432785 657 57
23.4504860 657 57
23.4576770 657 57
23.4648886 657 57
23.4721070 657 57
23.4792811 657 57
23.4864536 657 57
23.4936728 657 57
23.5008707 657 57
23.5080653 657 57
23.5152778 657 57
23.5224595 657 57
23.5296541 657 57
23.5368720 657 57
23.5440637 657 57
23.5512846 657 57
23.5584734 657 57
23.5656818 657 57
23.5728770 657 57
23.5800803 657 57
23.5872649 657 57
23.5944696 657 57
23.6016794 657 57
23.6088786 657 57
23.6160818 657 57
23.6232891 657 57
23.6304795 657 57
23.6376955 657 57
23.6448882 657 57
23.6520660 657 57
23.6592723 657 57
23.6664774 657 57
23.6736836 657 57
23.6808813 657 57
23.6880730 657 57
23.6952758 657 57
23.7024836 657 57
23.7096695 657 57
23.7168629 657 57
23.7240600 657 57
23.7312455 657 57
23.7384359 657 57
23.7456322 657 57
23.7528365 657 57
23.7600341 657 57
23.7672429 657 57
23.7744690 657 57
23.7816688 657 57
23.7888794 657 57
23.7960781 657 57
23.8032854 657 57
23.8104920 657 57
23.8177031 657 57
23.8249096 657 57
23.8321130 657 57
23.8393090 657 57
23.8465186 657 57
23.8537132 657 57
23.8609244 657 57
23.8681019 657 57
23.8753051 657 57
23.8825077 657 57
23.8896962 657 57
23.8968996 657 57
23.9040733 657 57
23.9112643 657 57
23.9184572 657 57
23.9256604 657 57
23.9328814 657 57
23.9400996 657 57
23.9472999 657 57
23.9545053 657 57
23.9617130 657 57
23.9689079 657 57
23.9761002 657 57
23.9832929 657 57
23.9905015 657 57
23.9977156 657 57
24.0000000 657 57
