mjs
0.0000522 15
0.0072607 102 33
0.0144064 106 33
0.0216077 109 34
0.0287968 112 35
0.0360046 116 35
0.0432203 119 35
0.0504447 123 36
0.0576624 126 36
0.0648592 129 36
0.0720663 132 36
0.0792479 135 36
0.0864408 139 37
0.0936551 142 37
0.1008693 145 37
0.1080793 148 37
0.1152894 151 38
0.1224891 154 38
0.1296815 157 39
0.1368805 160 39
0.1441092 163 39
0.1513051 166 39
0.1585226 169 40
0.1657204 172 41
0.1729317 175 41
0.1801295 178 42
0.1873192 181 43
0.1945136 184 43
0.2017220 187 45
0.2089435 190 45
0.2161673 192 45
0.2233896 195 45
0.2305815 198 45
0.2377906 201 46
0.2449802 203 46
0.2521766 206 48
0.2593837 209 50
0.2665826 211 50
0.2737741 214 51
0.2809760 217 52
0.2881912 219 52
0.2953924 222 53
0.3025905 224 53
0.3098051 227 54
0.3170070 230 54
0.3242009 232 54
0.3314096 235 54
0.3386071 237 54
0.3457920 239 54
0.3530015 242 55
0.3602121 244 56
0.3674231 247 56
0.3746119 249 56
0.3818050 252 56
0.3890085 254 56
0.3962218 256 58
0.4034206 259 58
0.4106106 261 58
0.4178317 263 58
0.4250434 265 58
0.4322370 268 59
0.4394405 270 59
0.4466141 272 59
0.4537986 274 59
0.4609890 277 59
0.4681713 279 59
0.4754003 281 60
0.4826073 283 60
0.4897920 285 60
0.4969940 287 60
0.5042032 289 61
0.5113856 291 61
0.5185818 294 61
0.5257575 296 61
0.5329635 298 61
0.5401602 300 61
0.5473456 302 61
0.5545452 304 62
0.5617639 306 62
0.5689786 308 63
0.5761722 310 63
0.5833558 311 63
0.5905752 313 63
0.5977880 315 63
0.6049844 317 63
0.6122058 319 63
0.6194116 321 64
0.6266307 323 64
0.6338273 325 64
0.6410363 327 64
0.6482254 328 64
0.6554231 330 64
0.6626326 332 64
0.6698487 334 64
0.6770329 336 64
0.6842279 337 65
0.6914284 339 65
0.6986087 341 65
0.7058354 342 65
0.7130475 344 65
0.7202659 346 65
0.7274689 348 65
0.7346675 349 66
0.7418629 351 66
0.7490654 353 66
0.7562502 354 66
0.7634591 356 66
0.7706710 357 66
0.7778697 359 66
0.7850511 361 66
0.7922358 362 66
0.7994520 364 66
0.8066769 365 66
0.8138839 367 66
0.8210813 368 66
0.8282483 370 66
0.8354489 371 66
0.8426280 373 66
0.8498176 374 66
0.8570179 376 66
0.8642009 377 66
0.8714069 379 66
0.8786093 380 66
0.8858116 382 66
0.8930063 383 66
0.9002103 384 66
0.9074245 386 66
0.9146223 387 66
0.9218438 389 66
0.9290482 390 66
0.9362521 391 66
0.9434678 393 66
0.9506627 394 66
0.9578831 395 66
0.9650829 397 66
0.9722947 398 66
0.9795007 399 66
0.9866946 401 66
0.9938777 402 66
1.0010898 403 66
1.0082852 404 66
1.0154903 406 66
1.0226617 407 66
1.0298632 408 66
1.0370860 409 66
1.0442766 411 66
1.0514868 412 66
1.0587017 413 66
1.0658892 414 66
1.0730926 415 66
1.0802957 417 66
1.0875067 418 66
1.0947096 419 66
1.1019035 420 66
1.1091238 421 66
1.1163244 422 66
1.1235327 424 66
1.1307188 425 66
1.1379236 426 66
1.1451123 427 66
1.1523308 428 66
1.1595423 429 66
1.1667384 430 66
1.1739334 431 66
1.1811356 432 66
1.1883509 433 66
1.1955591 434 66
1.2027740 435 66
1.2099610 437 66
1.2171571 438 66
1.2243414 439 66
1.2315297 440 66
1.2387324 441 66
1.2459420 442 66
1.2531247 443 67
1.2603076 444 67
1.2675036 445 67
1.2747055 446 67
1.2819103 446 67
1.2891202 447 67
1.2963185 448 67
1.3035084 449 67
1.3107088 450 67
1.3178848 451 67
1.3251018 452 67
1.3323088 453 67
1.3395068 454 67
1.3467010 455 67
1.3538967 456 67
1.3611061 457 67
1.3683095 458 67
1.3755192 458 67
1.3827319 459 67
1.3899395 460 67
1.3971429 461 67
1.4043430 462 67
1.4115529 463 67
1.4187414 464 67
1.4259425 464 67
1.4331475 465 67
1.4403598 466 67
1.4475483 467 67
1.4547556 468 67
1.4619763 468 67
1.4691735 469 67
1.4763894 470 67
1.4835901 471 67
1.4907823 472 67
1.4979708 472 67
1.5051767 473 67
1.5123741 474 67
1.5195605 475 67
1.5267574 475 67
1.5339664 476 67
1.5411724 477 67
1.5483813 478 67
1.5555883 478 67
1.5627643 479 67
1.5699750 480 67
1.5771727 481 67
1.5843754 481 67
1.5915643 482 67
1.5987612 483 67
1.6059690 483 67
1.6131659 484 67
1.6203716 485 67
1.6275752 485 67
1.6347925 486 67
1.6419747 487 67
1.6491631 488 67
1.6563506 488 67
1.6635335 489 67
1.6707375 489 67
1.6779375 490 67
1.6851290 491 67
1.6923225 491 67
1.6995270 492 67
1.7067032 493 67
1.7138952 493 67
1.7211160 494 67
1.7283132 495 67
1.7355158 495 67
1.7427177 496 67
1.7499287 496 67
1.7571334 497 67
1.7643396 498 67
1.7715350 498 67
1.7787595 499 67
1.7859680 499 67
1.7931656 500 67
1.8003685 500 67
1.8075695 501 67
1.8147952 502 67
1.8219834 502 67
1.8291798 503 67
1.8364116 503 67
1.8436130 504 67
1.8508255 504 67
1.8580269 505 67
1.8652256 505 67
1.8723931 506 67
1.8795918 507 67
1.8867942 507 67
1.8939985 508 67
1.9012092 508 67
1.9084192 509 67
1.9156239 509 67
1.9228345 510 67
1.9300405 510 67
1.9372344 511 67
1.9444231 511 67
1.9516053 512 67
1.9588137 512 67
1.9660078 513 67
1.9732008 513 67
1.9804092 514 68
1.9876372 514 68
1.9948287 515 68
2.0020306 515 68
2.0092323 515 68
2.0164364 516 68
2.0236371 516 68
2.0308316 517 68
2.0380135 517 68
2.0452006 518 68
2.0523992 518 68
2.0595928 519 68
2.0667943 519 68
2.0740062 520 68
2.0811740 520 68
2.0883669 520 69
2.0955602 521 69
2.1027521 521 69
2.1099813 522 69
2.1171876 522 69
2.1243943 522 69
2.1315936 523 69
2.1387865 523 69
2.1459947 524 69
2.1531986 524 69
2.1604000 525 69
2.1676218 525 69
2.1748369 525 69
2.1820349 526 69
2.1892191 526 69
2.1964199 526 69
2.2036059 527 70
2.2108262 527 70
2.2180197 528 70
2.2251961 528 70
2.2323859 528 70
2.2395554 529 70
2.2467580 529 70
2.2539655 529 70
2.2611541 530 70
2.2683505 530 70
2.2755245 531 70
2.2827078 531 70
2.2898939 531 70
2.2971082 532 70
2.3042880 532 70
2.3114803 532 70
2.3186975 533 70
2.3258851 533 70
2.3330912 533 70
2.3403000 534 70
2.3474880 534 70
2.3546728 534 70
2.3618722 535 70
2.3690540 535 70
2.3762510 535 70
2.3834683 536 70
2.3906876 536 70
2.3978834 536 70
2.4050832 537 70
2.4122748 537 70
2.4194619 537 70
2.4266620 537 70
2.4338733 538 70
2.4410757 538 70
2.4482694 538 70
2.4554412 539 70
2.4626451 539 70
2.4698337 539 70
2.4770325 540 70
2.4842377 540 70
2.4914571 540 70
2.4986552 540 70
2.5058566 541 70
2.5130674 541 70
2.5202813 541 70
2.5274556 542 70
2.5346828 542 70
2.5418877 542 70
2.5490921 542 70
2.5562982 543 70
2.5634835 543 70
2.5706628 543 70
2.5778767 543 70
2.5850673 544 70
2.5922535 544 70
2.5994466 544 70
2.6066344 544 70
2.6138481 545 70
2.6210269 545 70
2.6282152 545 70
2.6354214 545 70
2.6426391 546 70
2.6498343 546 70
2.6570100 546 70
2.6642117 546 70
2.6714147 547 70
2.6786151 547 70
2.6858059 547 70
2.6930155 547 70
2.7002328 548 70
2.7074362 548 70
2.7146492 548 70
2.7218482 548 70
2.7290450 549 70
2.7362289 549 70
2.7434435 549 70
2.7506392 549 70
2.7578397 549 70
2.7650409 550 70
2.7722237 550 70
2.7794331 550 70
2.7866199 550 70
2.7938184 551 70
2.8010288 551 70
2.8082281 551 70
2.8154501 551 70
2.8226363 551 70
2.8298403 552 70
2.8370486 552 70
2.8442263 552 70
2.8514244 552 70
2.8586171 552 70
2.8658279 553 70
2.8730186 553 70
2.8802364 553 70
2.8874325 553 70
2.8946277 553 70
2.9018190 554 70
2.9090057 554 70
2.9161860 554 70
2.9233919 554 70
2.9305909 554 70
2.9377723 554 70
2.9449776 555 70
2.9521843 555 70
2.9593825 555 70
2.9665956 555 70
2.9737794 555 70
2.9809664 556 70
2.9881599 556 70
2.9953733 556 70
3.0025697 556 70
3.0097662 556 70
3.0169890 556 70
3.0241870 557 70
3.0313969 557 70
3.0385967 557 70
3.0458006 557 70
3.0530014 557 70
3.0601833 557 70
3.0673641 558 70
3.0745654 558 70
3.0817530 558 70
3.0889670 558 70
3.0961560 558 70
3.1033744 558 70
3.1105714 559 70
3.1177615 559 70
3.1249563 559 70
3.1321433 559 70
3.1393456 559 70
3.1465502 559 70
3.1537612 559 70
3.1609771 560 70
3.1681671 560 70
3.1753664 560 70
3.1825708 560 70
3.1897950 560 70
3.1969933 560 70
3.2041961 560 70
3.2114000 561 70
3.2185751 561 70
3.2257884 561 70
3.2329895 561 70
3.2401796 561 70
3.2473854 561 70
3.2546185 561 70
3.2618219 562 70
3.2690182 562 70
3.2762150 562 70
3.2834092 562 70
3.2906355 562 70
3.2978354 562 70
3.3050337 562 70
3.3122321 562 70
3.3194302 563 70
3.3266447 563 70
3.3338466 563 70
3.3410484 563 70
3.3482554 563 70
3.3554869 563 70
3.3626951 563 70
3.3698973 563 70
3.3770963 564 70
3.3842916 564 70
3.3914956 564 70
3.3986762 564 70
3.4058664 564 70
3.4130540 564 70
3.4202320 564 70
3.4274328 564 70
3.4346168 565 70
3.4418164 565 70
3.4490177 565 70
3.4562145 565 70
3.4634087 565 70
3.4706089 565 70
3.4777785 565 70
3.4849760 565 70
3.4921487 565 70
3.4993369 566 70
3.5065346 566 70
3.5137251 566 70
3.5208839 566 70
3.5281023 566 70
3.5352904 566 70
3.5425074 566 70
3.5497008 566 70
3.5568982 566 70
3.5640954 566 70
3.5712836 567 70
3.5784929 567 70
3.5856696 567 70
3.5928800 567 70
3.6000860 567 70
3.6073033 567 70
3.6144951 567 70
3.6216796 567 70
3.6288926 567 70
3.6360840 567 70
3.6433084 568 70
3.6505204 568 70
3.6577269 568 70
3.6649190 568 70
3.6721041 568 70
3.6792835 568 70
3.6864912 568 70
3.6936822 568 70
3.7008696 568 70
3.7080622 568 70
3.7152809 568 70
3.7224865 569 70
3.7296809 569 70
3.7368799 569 70
3.7440575 569 70
3.7512611 569 70
3.7584653 569 70
3.7656809 569 70
3.7728709 569 70
3.7800807 569 70
3.7872680 569 70
3.7944708 569 70
3.8016775 569 70
3.8088768 570 70
3.8160603 570 70
3.8232472 570 70
3.8304296 570 70
3.8376198 570 70
3.8448222 570 70
3.8520222 570 70
3.8592366 570 70
3.8664266 570 70
3.8736267 570 70
3.8808115 570 70
3.8880084 570 70
3.8952005 570 70
3.9024012 571 70
3.9095944 571 70
3.9167932 571 70
3.9240130 571 70
3.9311990 571 70
3.9384064 571 70
3.9456211 571 70
3.9528480 571 70
3.9600145 571 70
3.9672264 571 70
3.9744231 571 70
3.9815957 571 70
3.9887877 571 70
3.9959959 571 70
4.0031884 572 70
4.0103847 572 70
4.0175776 572 70
4.0247550 572 70
4.0319541 572 70
4.0391569 572 70
4.0463529 572 70
4.0535445 572 70
4.0607308 572 70
4.0679281 572 70
4.0751429 572 70
4.0823634 572 70
4.0895691 572 70
4.0967818 572 70
4.1039949 572 70
4.1112022 573 70
4.1184049 573 70
4.1256303 573 70
4.1328435 573 70
4.1400463 573 70
4.1472494 573 70
4.1544518 573 70
4.1616543 573 71
4.1688366 573 71
4.1760416 573 71
4.1832247 573 71
4.1904311 573 71
4.1976490 573 71
4.2048498 573 71
4.2120595 573 71
4.2192639 573 71
4.2264695 573 71
4.2336895 574 71
4.2408967 574 71
4.2480930 574 71
4.2552705 574 71
4.2624858 574 71
4.2696679 574 71
4.2768839 574 71
4.2840720 574 71
4.2912844 574 71
4.2984988 574 71
4.3057060 574 71
4.3129135 574 71
4.3201057 574 71
4.3273051 574 71
4.3344925 574 71
4.3416943 574 71
4.3488879 574 71
4.3560686 574 71
4.3632598 575 72
4.3704921 575 72
4.3776854 575 72
4.3848816 575 72
4.3920772 575 72
4.3992914 575 72
4.4065169 575 72
4.4137056 575 72
4.4208999 575 72
4.4280837 575 72
4.4353018 575 72
4.4425176 575 72
4.4497056 575 72
4.4569058 575 72
4.4641040 575 72
4.4712812 575 72
4.4784864 575 72
4.4857051 575 72
4.4928875 575 72
4.5000971 576 72
4.5073165 576 72
4.5145034 576 72
4.5217100 576 72
4.5289085 576 72
4.5361028 576 72
4.5432960 576 72
4.5505001 576 72
4.5577001 576 72
4.5648864 576 72
4.5721096 576 72
4.5793059 576 72
4.5864925 576 72
4.5937073 576 72
4.6009038 576 72
4.6080873 576 72
4.6152797 576 72
4.6224701 576 72
4.6296578 576 72
4.6368435 576 72
4.6440307 576 72
4.6512183 576 72
4.6583927 577 72
4.6655539 577 72
4.6727293 577 72
4.6799286 577 72
4.6871220 577 72
4.6943087 577 72
4.7015124 577 72
4.7087063 577 72
4.7158957 577 72
4.7231046 577 72
4.7303017 577 72
4.7374941 577 72
4.7446982 577 72
4.7518974 577 72
4.7590871 577 72
4.7663086 577 72
4.7735035 577 72
4.7806935 577 72
4.7878568 577 72
4.7950585 577 72
4.8022534 577 72
4.8094623 577 72
4.8166574 577 72
4.8238655 577 72
4.8310821 577 72
4.8382775 578 72
4.8454701 578 73
4.8526702 578 73
4.8598711 578 73
4.8670797 578 73
4.8742684 578 73
4.8814883 578 73
4.8886927 578 73
4.8959036 578 73
4.9031078 578 73
4.9103187 578 73
4.9175218 578 73
4.9247100 578 73
4.9319119 578 73
4.9391131 578 73
4.9463236 578 73
4.9535348 578 73
4.9607292 578 73
4.9679520 578 73
4.9751393 578 73
4.9823326 578 73
4.9895222 578 73
4.9967374 578 73
5.0039444 578 73
5.0111356 578 73
5.0183114 578 73
5.0255038 578 73
5.0327090 579 73
5.0399043 579 73
5.0470844 579 73
5.0542832 579 73
5.0614917 579 73
5.0686585 579 73
5.0758532 579 73
5.0830369 579 73
5.0902453 579 73
5.0974459 579 73
5.1046536 579 73
5.1118586 579 73
5.1190624 579 73
5.1262492 579 73
5.1334519 579 73
5.1406485 579 73
5.1478501 579 73
5.1550497 579 73
5.1622512 579 73
5.1694364 579 73
5.1766332 579 73
5.1838428 579 73
5.1910489 579 73
5.1982418 579 73
5.2054431 579 73
5.2126586 579 73
5.2198610 579 73
5.2270773 579 73
5.2343146 579 73
5.2414848 579 73
5.2486654 579 73
5.2558628 580 73
5.2630537 580 73
5.2702631 580 73
5.2774851 580 73
5.2846888 580 73
5.2918849 580 73
5.2990798 580 73
5.3062999 580 73
5.3135097 580 73
5.3207042 580 73
5.3279154 580 73
5.3350962 580 73
5.3422954 580 73
5.3494830 580 73
5.3566688 580 73
5.3638663 580 73
5.3710729 580 73
5.3782909 580 73
5.3854980 580 73
5.3926983 580 73
5.3998859 580 73
5.4070971 580 73
5.4143088 580 73
5.4215176 580 73
5.4287215 580 73
5.4359279 580 73
5.4431101 580 73
5.4503181 580 73
5.4575059 580 73
5.4647032 580 73
5.4718859 580 73
5.4790831 580 73
5.4862834 580 73
5.4934991 580 73
5.5007144 581 73
5.5079078 581 73
5.5150980 581 73
5.5222844 581 73
5.5294794 581 73
5.5366936 581 73
5.5438867 581 73
5.5511002 581 73
5.5583122 581 73
5.5655361 581 73
5.5727392 581 73
5.5799472 581 73
5.5871618 581 73
5.5943745 581 73
5.6015991 581 73
5.6088182 581 73
5.6160074 581 73
5.6231986 581 73
5.6303729 581 73
5.6375912 581 73
5.6447929 581 73
5.6519963 581 73
5.6592039 581 73
5.6663940 581 73
5.6735768 581 73
5.6807816 581 73
5.6879892 581 73
5.6952144 581 73
5.7024167 581 73
5.7095968 581 73
5.7167970 581 73
5.7239807 581 73
5.7311794 581 73
5.7383744 581 73
5.7455827 581 73
5.7527972 582 73
5.7599988 582 73
5.7671962 582 73
5.7744016 582 73
5.7815960 582 73
5.7888035 582 73
5.7959966 582 73
5.8031814 582 73
5.8103646 582 73
5.8175787 582 73
5.8247820 582 73
5.8320000 582 73
5.8391810 582 73
5.8463766 582 74
5.8535879 582 74
5.8607694 582 74
5.8679694 582 74
5.8751666 582 74
5.8823626 582 74
5.8895486 582 74
5.8967383 582 74
5.9039141 582 74
5.9110917 582 74
5.9182969 582 74
5.9254949 582 74
5.9326951 582 74
5.9398760 582 74
5.9470708 582 74
5.9542932 582 74
5.9614923 582 74
5.9686878 582 74
5.9758806 582 74
5.9830729 582 74
5.9902477 582 74
5.9974619 582 74
6.0046408 583 74
6.0118213 583 74
6.0190286 583 74
6.0262136 583 74
6.0334155 583 74
6.0406231 583 74
6.0478277 583 74
6.0550132 583 74
6.0622088 583 74
6.0694200 583 74
6.0766325 583 74
6.0838240 583 74
6.0910190 583 74
6.0982303 583 74
6.1054017 583 74
6.1126085 583 74
6.1198323 583 74
6.1270120 583 74
6.1342122 583 74
6.1414200 583 74
6.1486183 583 74
6.1558273 583 74
6.1630444 583 74
6.1702549 583 74
6.1774480 583 74
6.1846294 583 74
6.1918512 583 74
6.1990750 583 74
6.2062740 583 74
6.2134411 583 74
6.2206261 583 74
6.2278197 583 74
6.2350465 583 74
6.2422663 583 74
6.2494470 583 74
6.2566406 584 74
6.2638251 584 74
6.2710270 584 74
6.2782087 584 74
6.2854015 584 74
6.2925947 584 74
6.2998046 584 74
6.3070074 584 74
6.3142079 584 74
6.3213853 584 74
6.3285936 584 74
6.3357789 584 74
6.3429694 584 74
6.3501568 584 74
6.3573566 584 74
6.3645501 584 74
6.3717620 584 74
6.3789529 584 74
6.3861734 584 74
6.3933557 584 74
6.4005699 584 74
6.4077941 584 74
6.4150063 584 74
6.4222062 584 74
6.4294039 584 74
6.4366059 584 74
6.4438112 584 74
6.4510106 584 74
6.4582298 584 74
6.4654332 584 74
6.4726388 584 74
6.4798357 584 74
6.4870243 584 74
6.4942576 584 74
6.5014464 584 74
6.5086490 585 74
6.5158219 585 74
6.5230175 585 74
6.5302144 585 74
6.5374173 585 74
6.5446116 585 74
6.5517990 585 74
6.5590036 585 74
6.5662249 585 74
6.5734195 585 74
6.5806007 585 74
6.5878126 585 74
6.5950044 585 74
6.6022162 585 74
6.6094349 585 74
6.6166328 585 74
6.6238237 585 74
6.6310128 585 74
6.6382243 585 74
6.6454246 585 74
6.6526387 585 74
6.6598513 585 74
6.6670611 585 74
6.6742486 585 74
6.6814456 585 74
6.6886315 585 74
6.6958322 585 74
6.7030404 585 74
6.7102244 585 74
6.7174253 585 74
6.7246263 585 74
6.7318355 585 74
6.7390426 585 74
6.7462458 585 74
6.7534332 585 74
6.7606336 586 74
6.7678587 586 74
6.7750378 586 74
6.7822382 586 74
6.7894432 586 74
6.7966662 586 74
6.8038699 586 74
6.8110605 586 74
6.8182526 586 74
6.8254506 586 74
6.8326633 586 74
6.8398527 586 74
6.8470474 586 74
6.8542452 586 74
6.8614552 586 74
6.8686432 586 74
6.8758298 586 74
6.8830185 586 74
6.8902203 586 74
6.8974205 586 74
6.9046159 586 74
6.9118241 586 74
6.9190320 586 74
6.9262452 586 74
6.9334494 586 74
6.9406375 586 74
6.9478616 586 74
6.9550669 586 74
6.9622733 586 74
6.9694644 586 74
6.9766485 586 74
6.9838393 586 74
6.9910385 586 74
6.9982484 586 74
7.0054439 587 74
7.0126368 587 74
7.0198425 587 74
7.0270277 587 74
7.0342382 587 74
7.0414402 587 74
7.0486235 587 74
7.0558372 587 74
7.0630445 587 74
7.0702706 587 74
7.0774651 587 74
7.0846595 587 74
7.0918795 587 74
7.0990669 587 74
7.1062607 587 74
7.1134615 587 74
7.1206666 587 74
7.1278663 587 74
7.1350661 587 74
7.1422579 587 74
7.1494495 587 74
7.1566430 587 74
7.1638375 587 74
7.1710171 587 74
7.1782056 587 74
7.1854054 587 74
7.1926116 587 74
7.1998259 587 74
7.2070089 587 74
7.2142037 587 74
7.2214204 587 74
7.2286037 587 74
7.2357961 587 74
7.2429847 587 74
7.2501768 587 74
7.2573937 588 74
7.2645871 588 74
7.2717915 588 74
7.2789993 588 74
7.2861928 588 74
7.2933722 588 74
7.3005770 588 74
7.3077837 588 74
7.3149884 588 74
7.3221925 588 74
7.3294048 588 74
7.3366029 588 74
7.3438280 588 74
7.3510347 588 74
7.3582459 588 74
7.3654582 588 74
7.3726441 588 74
7.3798531 588 74
7.3870490 588 74
7.3942504 588 74
7.4014536 588 74
7.4086353 588 74
7.4158300 588 74
7.4230423 588 74
7.4302552 588 74
7.4374587 588 74
7.4446182 588 74
7.4518199 588 74
7.4590121 588 74
7.4662201 588 74
7.4734424 588 74
7.4806414 588 74
7.4878343 588 74
7.4950347 588 74
7.5022394 588 74
7.5094251 589 74
7.5166085 589 74
7.5238006 589 74
7.5310057 589 74
7.5382093 589 74
7.5454141 589 74
7.5526021 589 74
7.5597951 589 74
7.5670045 589 74
7.5741976 589 74
7.5813894 589 74
7.5885923 589 74
7.5958103 589 74
7.6030144 589 74
7.6102116 589 74
7.6174027 589 74
7.6246103 589 74
7.6317981 589 74
7.6389847 589 74
7.6461890 589 74
7.6533937 589 74
7.6605876 589 74
7.6677864 589 74
7.6749789 589 74
7.6821819 589 74
7.6893936 589 74
7.6965902 589 74
7.7037802 589 74
7.7109793 589 74
7.7181828 589 74
7.7254032 589 74
7.7326041 589 74
7.7398254 589 74
7.7470189 589 74
7.7542158 590 74
7.7614211 590 74
7.7686178 590 74
7.7758284 590 74
7.7830306 590 74
7.7902357 590 74
7.7974511 590 74
7.8046392 590 74
7.8118509 590 74
7.8190464 590 74
7.8262360 590 74
7.8334346 590 74
7.8406524 590 74
7.8478469 590 74
7.8550315 590 74
7.8622340 590 74
7.8694276 590 74
7.8766303 590 74
7.8838116 590 74
7.8910207 590 74
7.8982247 590 74
7.9054310 590 74
7.9126304 590 74
7.9198492 590 74
7.9270482 590 74
7.9342459 590 74
7.9414685 590 74
7.9486570 590 74
7.9558707 590 74
7.9630627 590 74
7.9702758 590 74
7.9774568 590 74
7.9846605 590 74
7.9918639 590 74
7.9990728 590 74
8.0062672 591 74
8.0134708 591 74
8.0206858 591 74
8.0278945 591 74
8.0350809 591 74
8.0422888 591 74
8.0495065 591 74
8.0567006 591 74
8.0639052 591 74
8.0710818 591 74
8.0782782 591 74
8.0854739 591 74
8.0926648 591 74
8.0998483 591 74
8.1070401 591 74
8.1142300 591 74
8.1214322 591 74
8.1286456 591 74
8.1358456 591 74
8.1430295 591 74
8.1502312 591 74
8.1574286 591 74
8.1646442 591 74
8.1718490 591 74
8.1790443 591 74
8.1862618 591 74
8.1934677 591 74
8.2006876 591 74
8.2078833 591 74
8.2150518 591 74
8.2222217 591 74
8.2294264 591 74
8.2366319 591 74
8.2438215 591 74
8.2510200 591 74
8.2582146 592 74
8.2654282 592 74
8.2726333 592 74
8.2798404 592 74
8.2870322 592 74
8.2942433 592 74
8.3014326 592 74
8.3086130 592 74
8.3158035 592 74
8.3230202 592 74
8.3302237 592 74
8.3374147 592 74
8.3446108 592 74
8.3518104 592 74
8.3590041 592 74
8.3661967 592 74
8.3733843 592 74
8.3805773 592 74
8.3877868 592 74
8.3949839 592 74
8.4021933 592 74
8.4093890 592 74
8.4166011 592 74
8.4238077 592 74
8.4310160 592 74
8.4381919 592 74
8.4453896 592 74
8.4526024 592 74
8.4597913 592 74
8.4669931 592 74
8.4741944 592 74
8.4813921 592 74
8.4885941 592 74
8.4957880 592 74
8.5029907 592 74
8.5101600 593 74
8.5173648 593 74
8.5245755 593 74
8.5317819 593 74
8.5389677 593 74
8.5461515 593 74
8.5533568 593 74
8.5605621 593 74
8.5677550 593 74
8.5749618 593 74
8.5821751 593 74
8.5893832 593 74
8.5965952 593 74
8.6038037 593 74
8.6110027 593 74
8.6181957 593 74
8.6253973 593 74
8.6325987 593 74
8.6397999 593 74
8.6470067 593 74
8.6542205 593 74
8.6614122 593 74
8.6686352 593 74
8.6758620 593 74
8.6830612 593 74
8.6902579 593 74
8.6974677 593 74
8.7046528 593 74
8.7118484 593 74
8.7190542 593 74
8.7262497 593 74
8.7334393 593 74
8.7406392 593 74
8.7478590 593 74
8.7550727 593 74
8.7622710 594 74
8.7694581 594 74
8.7766463 594 74
8.7838409 594 74
8.7910615 594 74
8.7982776 594 74
8.8054788 594 74
8.8127046 594 74
8.8199283 594 74
8.8271248 594 74
8.8343321 594 74
8.8415669 594 74
8.8487595 594 74
8.8559749 594 74
8.8631814 594 74
8.8704078 594 74
8.8776133 594 74
8.8848096 594 74
8.8920245 594 74
8.8992381 594 74
8.9064620 594 74
8.9136594 594 74
8.9208473 594 74
8.9280435 594 74
8.9352274 594 74
8.9424010 594 74
8.9495990 594 74
8.9567842 594 74
8.9639788 594 74
8.9711758 594 74
8.9783554 594 74
8.9855565 594 74
8.9927635 594 74
8.9999602 594 74
9.0071834 594 74
9.0143856 595 74
9.0215866 595 74
9.0287696 595 74
9.0359623 595 74
9.0431948 595 74
9.0503760 595 74
9.0575690 595 74
9.0647527 595 74
9.0719646 595 74
9.0791347 595 74
9.0863569 595 74
9.0935522 595 74
9.1007634 595 74
9.1079665 595 74
9.1151677 595 74
9.1223682 595 74
9.1295631 595 74
9.1367496 595 74
9.1439663 595 74
9.1511666 595 74
9.1583610 595 74
9.1655540 595 74
9.1727467 595 74
9.1799657 595 74
9.1871805 595 74
9.1943674 595 74
9.2015743 595 74
9.2087621 595 74
9.2159553 595 74
9.2231572 595 74
9.2303821 595 74
9.2376004 595 74
9.2448154 595 74
9.2520039 595 74
9.2591892 596 74
9.2664138 596 74
9.2736028 596 74
9.2808159 596 74
9.2880119 596 74
9.2951966 596 74
9.3023903 596 74
9.3095951 596 74
9.3167824 596 74
9.3239888 596 74
9.3311900 596 74
9.3383917 596 74
9.3456138 596 74
9.3528285 596 74
9.3600132 596 74
9.3672062 596 75
9.3744239 596 75
9.3816291 596 75
9.3888046 596 75
9.3960020 596 75
9.4032087 596 75
9.4104138 596 75
9.4176057 596 75
9.4248164 596 75
9.4320321 596 75
9.4392242 596 75
9.4464307 596 75
9.4536326 596 75
9.4608370 596 75
9.4680258 596 75
9.4752009 596 75
9.4823949 596 75
9.4895956 596 75
9.4968116 596 75
9.5039975 596 75
9.5112065 597 75
9.5184044 597 75
9.5256112 597 75
9.5328325 597 75
9.5400338 597 75
9.5472525 597 75
9.5544542 597 75
9.5616384 597 75
9.5688279 597 75
9.5760416 597 75
9.5832472 597 75
9.5904572 597 75
9.5976606 597 75
9.6048699 597 75
9.6120624 597 75
9.6192697 597 75
9.6264787 597 75
9.6336744 597 75
9.6408521 597 75
9.6480460 597 75
9.6552367 597 75
9.6624228 597 75
9.6696217 597 75
9.6767976 597 75
9.6840085 597 75
9.6911954 597 75
9.6983775 597 75
9.7055924 597 75
9.7127911 597 75
9.7199927 597 75
9.7272059 597 75
9.7343924 597 75
9.7415995 597 75
9.7488007 597 75
9.7559829 597 75
9.7631880 598 75
9.7703970 598 75
9.7775903 598 75
9.7847778 598 75
9.7919709 598 75
9.7991656 598 75
9.8063585 598 75
9.8135614 598 75
9.8207572 598 75
9.8279527 598 75
9.8351604 598 75
9.8423665 598 75
9.8495601 598 75
9.8567609 598 75
9.8639738 598 75
9.8711749 598 75
9.8783746 598 75
9.8855577 598 75
9.8927539 598 75
9.8999686 598 75
9.9071409 598 75
9.9143406 598 75
9.9215515 598 75
9.9287651 598 75
9.9359491 598 75
9.9431534 598 75
9.9503623 598 75
9.9575482 598 75
9.9647543 598 75
9.9719551 598 75
9.9791709 598 75
9.9863731 598 75
9.9935938 598 75
10.0007913 598 75
10.0079940 599 75
10.0151843 599 75
10.0223819 599 75
10.0295682 599 75
10.0367823 599 75
10.0439930 599 75
10.0511867 599 75
10.0583845 599 75
10.0655780 599 75
10.0727697 599 75
10.0799870 599 75
10.0871903 599 75
10.0943888 599 75
10.1015924 599 75
10.1087829 599 75
10.1159637 599 75
10.1231425 599 75
10.1303465 599 75
10.1375619 599 75
10.1447801 599 75
10.1519708 599 75
10.1591636 599 75
10.1663695 599 75
10.1735701 599 75
10.1807707 599 75
10.1879783 599 75
10.1951621 599 75
10.2023736 599 75
10.2095722 599 75
10.2167715 599 75
10.2239824 599 75
10.2311857 599 75
10.2383768 599 75
10.2456112 599 75
10.2527991 599 75
10.2600114 600 75
10.2672042 600 75
10.2743954 600 75
10.2815906 600 75
10.2887864 600 75
10.2959727 600 75
10.3031788 600 75
10.3103529 600 75
10.3175516 600 75
10.3247264 600 75
10.3319185 600 75
10.3391301 600 75
10.3463295 600 75
10.3535150 600 75
10.3606965 600 75
10.3678968 600 75
10.3751117 600 75
10.3823140 600 75
10.3895123 600 75
10.3967058 600 75
10.4039190 600 75
10.4111136 600 75
10.4183288 600 75
10.4255252 600 75
10.4327166 600 75
10.4399089 600 75
10.4471056 600 75
10.4542785 600 75
10.4614906 600 75
10.4686750 600 75
10.4758840 600 75
10.4830558 600 75
10.4902666 600 75
10.4974704 600 75
10.5046810 600 75
10.5118890 601 75
10.5190878 601 75
10.5262946 601 75
10.5334858 601 75
10.5406728 601 75
10.5478811 601 75
10.5550736 601 75
10.5622633 601 75
10.5694665 601 75
10.5766570 601 75
10.5838478 601 75
10.5910601 601 75
10.5982591 601 75
10.6054724 601 75
10.6127188 601 75
10.6199062 601 75
10.6270772 601 75
10.6342725 601 75
10.6414662 601 75
10.6486788 601 75
10.6558722 601 75
10.6630685 601 75
10.6702675 601 75
10.6774585 601 75
10.6846504 601 75
10.6918572 601 75
10.6990373 601 75
10.7062441 601 75
10.7134323 601 75
10.7206435 601 75
10.7278244 601 75
10.7350182 601 75
10.7422241 601 75
10.7494137 601 75
10.7566196 601 75
10.7638253 602 75
10.7710263 602 75
10.7782176 602 75
10.7854129 602 75
10.7926195 602 75
10.7998004 602 75
10.8070306 602 75
10.8142274 602 75
10.8214180 602 75
10.8286102 602 75
10.8358243 602 75
10.8430363 602 75
10.8502416 602 75
10.8574483 602 75
10.8646644 602 75
10.8718504 602 75
10.8790418 602 75
10.8862342 602 75
10.8934406 602 75
10.9006425 602 75
10.9078613 602 75
10.9150291 602 75
10.9222053 602 75
10.9294143 602 75
10.9366230 602 75
10.9438112 602 75
10.9510113 602 75
10.9581895 602 75
10.9654006 602 75
10.9725967 602 75
10.9798105 602 75
10.9870179 602 75
10.9942215 602 75
11.0013975 602 75
11.0085958 602 75
11.0157674 603 75
11.0229834 603 75
11.0301999 603 75
11.0374013 603 75
11.0446067 603 75
11.0518036 603 75
11.0589907 603 75
11.0662117 603 75
11.0734123 603 75
11.0806126 603 75
11.0878203 603 75
11.0950339 603 75
11.1022292 603 75
11.1094313 603 75
11.1166340 603 75
11.1238498 603 75
11.1310571 603 75
11.1382415 603 75
11.1454492 603 75
11.1526728 603 75
11.1598957 603 75
11.1671009 603 75
11.1743006 603 75
11.1815017 603 75
11.1887087 603 75
11.1959160 603 75
11.2031390 603 75
11.2103325 603 75
11.2175144 603 75
11.2247119 603 75
11.2319083 603 75
11.2391204 603 75
11.2463228 603 75
11.2535160 603 75
11.2607431 603 75
11.2679158 604 75
11.2751219 604 75
11.2823270 604 75
11.2895284 604 75
11.2967300 604 75
11.3039299 604 75
11.3111050 604 75
11.3183008 604 75
11.3254944 604 75
11.3326877 604 75
11.3398635 604 75
11.3470605 604 75
11.3542693 604 75
11.3614589 604 75
11.3686620 604 75
11.3758636 604 75
11.3830569 604 75
11.3902597 604 75
11.3974656 604 75
11.4046674 604 75
11.4118631 604 75
11.4190540 604 75
11.4262583 604 75
11.4334490 604 75
11.4406695 604 75
11.4478614 604 75
11.4550680 604 75
11.4622725 604 75
11.4694941 604 75
11.4766985 604 75
11.4838989 604 75
11.4910982 604 75
11.4982875 604 75
11.5055078 604 75
11.5127149 604 75
11.5199158 605 75
11.5271071 605 75
11.5342967 605 75
11.5415013 605 75
11.5487190 605 75
11.5559129 605 75
11.5631191 605 75
11.5703243 605 75
11.5774992 605 75
11.5846949 605 75
11.5919133 605 75
11.5991254 605 75
11.6063271 605 75
11.6135314 605 75
11.6207233 605 75
11.6279378 605 75
11.6351340 605 75
11.6423105 605 75
11.6495172 605 75
11.6567102 605 75
11.6639124 605 75
11.6711203 605 75
11.6783203 605 75
11.6855023 605 75
11.6926886 605 75
11.6999068 605 75
11.7070912 605 75
11.7142934 605 75
11.7214920 605 75
11.7286745 605 75
11.7358652 605 75
11.7430614 605 75
11.7502549 605 75
11.7574659 605 75
11.7646853 606 75
11.7718918 606 75
11.7791066 606 75
11.7863081 606 75
11.7935252 606 75
11.8007365 606 75
11.8079332 606 75
11.8151215 606 75
11.8223389 606 75
11.8295301 606 75
11.8367326 606 75
11.8439079 606 75
11.8510826 606 75
11.8583019 606 75
11.8654825 606 75
11.8726798 606 75
11.8798855 606 75
11.8870896 606 75
11.8942912 606 75
11.9014888 606 76
11.9086928 606 76
11.9159010 606 76
11.9231096 606 76
11.9303018 606 76
11.9374822 606 76
11.9446908 606 76
11.9519082 606 76
11.9591089 606 76
11.9663192 606 76
11.9735143 606 76
11.9807094 606 76
11.9879253 606 76
11.9951232 606 76
12.0023304 606 76
12.0095444 606 76
12.0167438 607 76
12.0239266 607 76
12.0311058 607 76
12.0382810 607 76
12.0454569 607 76
12.0526572 607 76
12.0598320 607 76
12.0670248 607 76
12.0742125 607 76
12.0814134 607 76
12.0885984 607 76
12.0957922 607 76
12.1030220 607 76
12.1102316 607 76
12.1174410 607 76
12.1246253 607 76
12.1318261 607 76
12.1390268 607 76
12.1462374 607 76
12.1534566 607 76
12.1606663 607 76
12.1678668 607 76
12.1750662 607 76
12.1822636 607 76
12.1894810 607 76
12.1966670 607 76
12.2038636 607 76
12.2110457 607 76
12.2182626 607 76
12.2254817 607 76
12.2327061 607 76
12.2398891 607 76
12.2471032 607 76
12.2543047 607 76
12.2615165 607 76
12.2687113 608 76
12.2759106 608 76
12.2830952 608 76
12.2902955 608 76
12.2975075 608 76
12.3047159 608 76
12.3118969 608 76
12.3190763 608 76
12.3262845 608 76
12.3335072 608 76
12.3407053 608 76
12.3478743 608 76
12.3550632 608 76
12.3622548 608 76
12.3694662 608 76
12.3766475 608 76
12.3838225 608 76
12.3909994 608 76
12.3981605 608 76
12.4053510 608 76
12.4125611 608 76
12.4197696 608 76
12.4269787 608 76
12.4341765 608 76
12.4413865 608 76
12.4485626 608 76
12.4557616 608 76
12.4629622 608 76
12.4701630 608 76
12.4773670 608 76
12.4845668 608 76
12.4917799 608 76
12.4989748 608 76
12.5061794 608 76
12.5133641 608 76
12.5205485 609 76
12.5277574 609 76
12.5349449 609 76
12.5421405 609 76
12.5493367 609 76
12.5565374 609 76
12.5637298 609 76
12.5709512 609 76
12.5781433 609 76
12.5853303 609 76
12.5925094 609 76
12.5997302 609 76
12.6069380 609 76
12.6141385 609 76
12.6213373 609 76
12.6285227 609 76
12.6357263 609 76
12.6429243 609 76
12.6501276 609 76
12.6573305 609 76
12.6645275 609 76
12.6717264 609 76
12.6789272 609 76
12.6861171 609 76
12.6933176 609 76
12.7005193 609 76
12.7077132 609 76
12.7148846 609 76
12.7220794 609 76
12.7292757 609 76
12.7364824 609 76
12.7436957 609 76
12.7508730 609 76
12.7580676 609 76
12.7652395 609 76
12.7724459 610 76
12.7796455 610 76
12.7868554 610 76
12.7940519 610 76
12.8012702 610 76
12.8084677 610 76
12.8156794 610 76
12.8228864 610 76
12.8300615 610 76
12.8372546 610 76
12.8444499 610 76
12.8516595 610 76
12.8588668 610 76
12.8660586 610 76
12.8732599 610 76
12.8804469 610 76
12.8876510 610 76
12.8948222 610 76
12.9020333 610 76
12.9092122 610 76
12.9164084 610 76
12.9236118 610 76
12.9307986 610 76
12.9379817 610 76
12.9451733 610 76
12.9523610 610 76
12.9595474 610 76
12.9667624 610 76
12.9739694 610 76
12.9811718 610 76
12.9883680 610 76
12.9955453 610 76
13.0027355 610 76
13.0099451 610 76
13.0171175 610 76
13.0243407 611 76
13.0315592 611 76
13.0387647 611 76
13.0459726 611 76
13.0531684 611 76
13.0603755 611 76
13.0675800 611 76
13.0747669 611 76
13.0819464 611 76
13.0891418 611 76
13.0963662 611 76
13.1035791 611 76
13.1107643 611 76
13.1179799 611 76
13.1251894 611 76
13.1323810 611 76
13.1395697 611 76
13.1467671 611 76
13.1539686 611 76
13.1611900 611 76
13.1683727 611 76
13.1755596 611 76
13.1827496 611 76
13.1899444 611 76
13.1971148 611 76
13.2043161 611 76
13.2115095 611 76
13.2187119 611 76
13.2259212 611 76
13.2330910 611 76
13.2402939 611 76
13.2474962 611 76
13.2547108 611 76
13.2619170 611 76
13.2691441 612 76
13.2763328 612 76
13.2835421 612 76
13.2907555 612 76
13.2979615 612 76
13.3051660 612 76
13.3123712 612 76
13.3195541 612 76
13.3267502 612 76
13.3339408 612 76
13.3411505 612 76
13.3483471 612 76
13.3555466 612 76
13.3627500 612 76
13.3699591 612 76
13.3771703 612 76
13.3843508 612 76
13.3915542 612 76
13.3987671 612 76
13.4059634 612 76
13.4131791 612 76
13.4203743 612 76
13.4275727 612 76
13.4347621 612 76
13.4419674 612 76
13.4491756 612 76
13.4563794 612 76
13.4635803 612 76
13.4708077 612 76
13.4779956 612 76
13.4851777 612 76
13.4924168 612 76
13.4996192 612 76
13.5068091 612 76
13.5140147 612 76
13.5212163 613 76
13.5284181 613 76
13.5356317 613 76
13.5428366 613 76
13.5500236 613 76
13.5572164 613 76
13.5644273 613 76
13.5716129 613 76
13.5788117 613 76
13.5860058 613 76
13.5931822 613 76
13.6004119 613 76
13.6076321 613 76
13.6148542 613 76
13.6220499 613 76
13.6292534 613 76
13.6364414 613 76
13.6436489 613 76
13.6508526 613 76
13.6580484 613 76
13.6652484 613 76
13.6724415 613 76
13.6796464 613 76
13.6868552 613 76
13.6940421 613 76
13.7012414 613 76
13.7084434 613 76
13.7156682 613 76
13.7228734 613 76
13.7301001 613 76
13.7372962 613 76
13.7444836 613 76
13.7516678 613 76
13.7588820 613 76
13.7660962 613 76
13.7732866 614 76
13.7805049 614 76
13.7876919 614 76
13.7948828 614 76
13.8020856 614 76
13.8092761 614 76
13.8164809 614 76
13.8236919 614 76
13.8309089 614 76
13.8381041 614 76
13.8453070 614 76
13.8525114 614 76
13.8597110 614 76
13.8669078 614 76
13.8741084 614 76
13.8813195 614 76
13.8885037 614 76
13.8957061 614 76
13.9028830 614 76
13.9100805 614 76
13.9172826 614 76
13.9244727 614 76
13.9316671 614 76
13.9388708 614 76
13.9460585 614 76
13.9532551 614 76
13.9604422 614 76
13.9676427 614 76
13.9748321 614 76
13.9820346 614 76
13.9892225 614 76
13.9964461 614 76
14.0036544 614 76
14.0108461 614 76
14.0180559 614 76
14.0252549 615 76
14.0324739 615 76
14.0396806 615 76
14.0468697 615 76
14.0540667 615 76
14.0612737 615 76
14.0684533 615 76
14.0756496 615 76
14.0828370 615 76
14.0900450 615 76
14.0972556 615 76
14.1044550 615 76
14.1116795 615 76
14.1188529 615 76
14.1260432 615 76
14.1332512 615 76
14.1404591 615 76
14.1476629 615 76
14.1548687 615 76
14.1620758 615 76
14.1692925 615 76
14.1764779 615 76
14.1836768 615 76
14.1908683 615 76
14.1980653 615 76
14.2052391 615 76
14.2124275 615 76
14.2196302 615 76
14.2268348 615 76
14.2340458 615 76
14.2412375 615 76
14.2484536 615 76
14.2556486 615 76
14.2628338 615 76
14.2700420 616 76
14.2772597 616 76
14.2844735 616 76
14.2917021 616 76
14.2989212 616 76
14.3061370 616 76
14.3133384 616 76
14.3205335 616 76
14.3277388 616 76
14.3349580 616 76
14.3421896 616 76
14.3493912 616 76
14.3565984 616 76
14.3638058 616 76
14.3710089 616 76
14.3782021 616 76
14.3853927 616 76
14.3926024 616 76
14.3998136 616 76
14.4070193 616 76
14.4142159 616 76
14.4213924 616 76
14.4286018 616 76
14.4357924 616 76
14.4430046 616 76
14.4502115 616 76
14.4573893 616 76
14.4646170 616 76
14.4718110 616 76
14.4790203 616 76
14.4862127 616 76
14.4934090 616 76
14.5006088 616 76
14.5078138 616 76
14.5150223 616 76
14.5222480 617 76
14.5294819 617 76
14.5366905 617 76
14.5438990 617 76
14.5511115 617 76
14.5583216 617 76
14.5655241 617 76
14.5727216 617 76
14.5799167 617 76
14.5871243 617 76
14.5943189 617 76
14.6015145 617 76
14.6086994 617 76
14.6159174 617 76
14.6231200 617 76
14.6303315 617 76
14.6375440 617 76
14.6447269 617 76
14.6519237 617 77
14.6591123 617 77
14.6663063 617 77
14.6734960 617 77
14.6806936 617 77
14.6878904 617 77
14.6950970 617 77
14.7022821 617 77
14.7094567 617 77
14.7166621 617 77
14.7238653 617 77
14.7310570 617 77
14.7382518 617 77
14.7454534 617 77
14.7526500 617 77
14.7598685 617 77
14.7670654 618 77
14.7742671 618 77
14.7814624 618 77
14.7886739 632 77
14.7958706 632 77
14.8030670 632 77
14.8102706 632 77
14.8174710 632 77
14.8246761 632 77
14.8318936 632 77
14.8390775 632 77
14.8462699 632 77
14.8534749 632 77
14.8606835 632 77
14.8678781 632 77
14.8750826 632 77
14.8822896 632 77
14.8894930 632 77
14.8966968 632 77
14.9038682 632 77
14.9110659 632 77
14.9182706 632 77
14.9254804 632 77
14.9326790 632 77
14.9398985 632 77
14.9471099 632 77
14.9542961 632 77
14.9614989 632 77
14.9687063 632 77
14.9758978 632 77
14.9830928 632 77
14.9902869 632 77
14.9974805 632 77
15.0046962 632 77
15.0119471 632 77
15.0191493 633 77
15.0263500 633 77
15.0335492 633 77
15.0407549 633 77
15.0479475 633 77
15.0551359 633 77
15.0623239 633 77
15.0695370 633 77
15.0767425 633 77
15.0839376 633 77
15.0911304 633 77
15.0983436 633 77
15.1055643 633 77
15.1127750 633 77
15.1199595 633 77
15.1271606 633 77
15.1343587 633 77
15.1415621 633 77
15.1487505 633 77
15.1559494 633 77
15.1631639 633 77
15.1703714 643 77
15.1775748 643 77
15.1847650 643 77
15.1919488 643 77
15.1991490 643 77
15.2063485 643 77
15.2135388 643 77
15.2207420 643 77
15.2279318 643 77
15.2351317 643 77
15.2423226 643 77
15.2495093 643 77
15.2567272 643 77
15.2639263 643 77
15.2711292 644 77
15.2783231 644 77
15.2855377 644 77
15.2927367 644 77
15.2999152 644 77
15.3071289 644 77
15.3143473 644 77
15.3215587 644 77
15.3287528 644 77
15.3359569 644 77
15.3431441 644 77
15.3503343 644 77
15.3575558 644 77
15.3647846 644 77
15.3719538 644 77
15.3791614 644 77
15.3863510 644 77
15.3935516 644 77
15.4007699 644 77
15.4079808 644 77
15.4151910 644 77
15.4223981 644 77
15.4295998 644 77
15.4367991 644 77
15.4440018 644 77
15.4512184 644 77
15.4584174 644 77
15.4656221 644 77
15.4728262 644 77
15.4800200 644 77
15.4872109 644 77
15.4944167 644 77
15.5016256 644 77
15.5088301 644 77
15.5160336 644 77
15.5232310 645 77
15.5304352 645 77
15.5376346 645 77
15.5448257 645 77
15.5520280 645 77
15.5592193 645 77
15.5664394 645 77
15.5736397 645 77
15.5808499 645 77
15.5880368 645 77
15.5952497 645 77
15.6024454 645 77
15.6096411 645 77
15.6168200 645 77
15.6240065 645 77
15.6312090 645 77
15.6384127 645 77
15.6456138 645 77
15.6528243 645 77
15.6600155 645 77
15.6672255 645 77
15.6744463 645 77
15.6816460 645 77
15.6888513 645 77
15.6960593 645 77
15.7032439 645 77
15.7104265 645 77
15.7176296 645 77
15.7248256 645 77
15.7320100 645 77
15.7392013 645 77
15.7463797 645 77
15.7535713 645 77
15.7607616 645 77
15.7679892 645 77
15.7751820 646 77
15.7823660 646 77
15.7895630 646 77
15.7967656 646 77
15.8039634 646 77
15.8111554 646 77
15.8183377 646 77
15.8255449 646 77
15.8327545 646 77
15.8399528 646 77
15.8471404 646 77
15.8543459 646 77
15.8615729 646 77
15.8687848 646 77
15.8759927 646 77
15.8831776 646 77
15.8903578 646 77
15.8975733 646 77
15.9047727 646 77
15.9119823 646 77
15.9191712 646 77
15.9263881 646 77
15.9336058 646 77
15.9408046 646 77
15.9479905 646 77
15.9552231 646 77
15.9624491 646 77
15.9696424 646 77
15.9768457 646 77
15.9840359 646 77
15.9912370 646 77
15.9984424 646 77
16.0056293 646 77
16.0128144 646 77
16.0200200 646 77
16.0272081 647 77
16.0344063 647 77
16.0416198 647 77
16.0488049 647 77
16.0560217 647 77
16.0632243 647 77
16.0704225 647 77
16.0776328 647 77
16.0848369 647 77
16.0920430 647 77
16.0992591 647 77
16.1064603 647 77
16.1136550 647 77
16.1208786 647 77
16.1280878 647 77
16.1353072 647 77
16.1425497 647 77
16.1497762 647 77
16.1569583 647 77
16.1641505 647 77
16.1713501 647 77
16.1785397 647 77
16.1857398 647 77
16.1929411 647 77
16.2001441 647 77
16.2073495 647 77
16.2145501 647 77
16.2217664 647 77
16.2289684 647 77
16.2361724 647 77
16.2433990 647 77
16.2505913 647 77
16.2577886 647 77
16.2649941 647 77
16.2721862 647 77
16.2793932 648 77
16.2866056 648 77
16.2937989 648 77
16.3009809 648 77
16.3081832 648 77
16.3153995 648 77
16.3226018 648 77
16.3297734 648 77
16.3369732 648 77
16.3441760 648 77
16.3514182 648 77
16.3586073 648 77
16.3657979 648 77
16.3729722 648 77
16.3801686 648 77
16.3873545 648 77
16.3945480 648 77
16.4017476 648 77
16.4089328 648 77
16.4161316 648 77
16.4233241 648 77
16.4304975 648 77
16.4376871 648 77
16.4448895 648 77
16.4521065 648 77
16.4592912 648 77
16.4664798 648 77
16.4736834 648 77
16.4808806 648 77
16.4880875 648 77
16.4953031 648 77
16.5025091 648 77
16.5096881 648 77
16.5168994 648 77
16.5240833 649 77
16.5312736 649 77
16.5384860 649 77
16.5456559 649 77
16.5528667 649 77
16.5600860 649 77
16.5673004 649 77
16.5745036 649 77
16.5817095 649 77
16.5889274 649 77
16.5961505 649 77
16.6033429 649 77
16.6105590 649 77
16.6177587 649 77
16.6249444 649 77
16.6321407 649 77
16.6393468 649 77
16.6465516 649 77
16.6537629 649 77
16.6609566 649 77
16.6681517 649 77
16.6753568 649 77
16.6825476 649 77
16.6897566 649 77
16.6969622 649 77
16.7041475 649 77
16.7113131 649 77
16.7185084 649 77
16.7257260 649 77
16.7329346 649 77
16.7401354 649 77
16.7473460 649 77
16.7545380 649 77
16.7617183 649 77
16.7689170 649 77
16.7761162 650 77
16.7833129 650 77
16.7905352 650 77
16.7977402 650 77
16.8049612 650 77
16.8121337 650 77
16.8193230 650 77
16.8265373 650 77
16.8337302 650 77
16.8409352 650 77
16.8481275 650 77
16.8553429 650 77
16.8625158 650 77
16.8697120 650 77
16.8768878 650 77
16.8840779 650 77
16.8912792 650 77
16.8984744 650 77
16.9056726 650 77
16.9128765 650 77
16.9200356 650 77
16.9272223 650 77
16.9344358 650 77
16.9416399 650 77
16.9488447 650 77
16.9560458 650 77
16.9632630 650 77
16.9704650 650 77
16.9776596 650 77
16.9848499 650 77
16.9920440 650 77
16.9992742 650 77
17.0064814 650 77
17.0136733 650 77
17.0208830 650 77
17.0280862 651 77
17.0352818 651 77
17.0425123 651 77
17.0497144 651 77
17.0569051 651 77
17.0641016 651 77
17.0713085 651 77
17.0785071 651 77
17.0857143 651 77
17.0929010 651 77
17.1000893 651 77
17.1072937 651 77
17.1144842 651 77
17.1216833 651 77
17.1288972 651 77
17.1360770 651 77
17.1432564 651 77
17.1504592 651 77
17.1576440 651 77
17.1648335 651 77
17.1720394 651 77
17.1792530 651 77
17.1864795 651 77
17.1936479 651 77
17.2008407 651 77
17.2080384 651 77
17.2152536 651 77
17.2224289 651 77
17.2296302 651 77
17.2368091 651 77
17.2440188 651 77
17.2512251 651 77
17.2584233 651 77
17.2656186 651 77
17.2728104 651 77
17.2800195 652 77
17.2872061 652 77
17.2944360 652 77
17.3016690 652 77
17.3088691 652 77
17.3160678 652 77
17.3232643 652 77
17.3304609 652 77
17.3376645 652 77
17.3448859 652 77
17.3520766 652 77
17.3592559 652 77
17.3664578 652 77
17.3736501 652 77
17.3808720 652 77
17.3880712 652 77
17.3952834 652 77
17.4024869 652 77
17.4096908 652 77
17.4168964 652 77
17.4240808 652 77
17.4312796 652 77
17.4384681 652 77
17.4456628 652 77
17.4528589 652 77
17.4600506 652 77
17.4672459 652 77
17.4744313 652 77
17.4816026 652 77
17.4887832 652 77
17.4959840 652 77
17.5032080 652 77
17.5104304 652 77
17.5176571 652 77
17.5248802 652 77
17.5320952 653 77
17.5393015 653 77
17.5465179 653 77
17.5537287 653 77
17.5609241 653 77
17.5681521 653 77
17.5753514 653 77
17.5825567 653 77
17.5897665 656 77
17.5969869 656 77
17.6041743 656 77
17.6113651 656 77
17.6185469 656 77
17.6257451 656 77
17.6329470 656 77
17.6401627 656 77
17.6473697 656 77
17.6545659 656 77
17.6617523 656 77
17.6689527 656 77
17.6761404 656 77
17.6833742 656 77
17.6905804 656 77
17.6977884 656 77
17.7050092 656 77
17.7122065 656 77
17.7194018 656 77
17.7266107 656 77
17.7337999 656 77
17.7409881 656 77
17.7481889 656 77
17.7553958 656 77
17.7625718 656 77
17.7697745 656 77
17.7769745 656 77
17.7841837 656 77
17.7913835 656 77
17.7985809 656 77
17.8057692 656 77
17.8129648 656 77
17.8201650 656 77
17.8273697 656 77
17.8345832 656 77
17.8417759 656 77
17.8489887 656 77
17.8561676 656 77
17.8633645 656 77
17.8705846 656 77
17.8777835 656 77
17.8849855 656 77
17.8921812 656 77
17.8994022 656 77
17.9065933 656 77
17.9137941 656 77
17.9210133 656 77
17.9282196 656 77
17.9354365 656 77
17.9426193 656 77
17.9498162 656 77
17.9570119 656 77
17.9642097 656 77
17.9714059 656 77
17.9786104 656 77
17.9858195 656 77
17.9930199 656 77
18.0002158 656 77
18.0074046 656 77
18.0145870 656 77
18.0217736 656 77
18.0289454 656 77
18.0361723 656 77
18.0433642 656 77
18.0505724 656 77
18.0577655 656 77
18.0649681 656 77
18.0721525 656 77
18.0793735 656 77
18.0865788 656 77
18.0937792 656 77
18.1009700 656 77
18.1081747 656 77
18.1153615 656 77
18.1225622 656 77
18.1297356 656 77
18.1369423 656 77
18.1441443 656 77
18.1513334 656 77
18.1585382 656 77
18.1657444 656 77
18.1729153 656 77
18.1801046 656 77
18.1872915 656 77
18.1944863 656 77
18.2016792 656 77
18.2088700 656 77
18.2160368 656 77
18.2232485 656 77
18.2304233 656 77
18.2376028 656 77
18.2447790 656 77
18.2519666 656 77
18.2591627 656 77
18.2663645 656 77
18.2735726 656 77
18.2807713 656 77
18.2879834 656 77
18.2951986 656 77
18.3023987 656 77
18.3096154 656 77
18.3168086 656 77
18.3240043 656 77
18.3312240 656 77
18.3384299 656 77
18.3456402 656 77
18.3528420 656 77
18.3600347 656 77
18.3672251 656 77
18.3744042 656 77
18.3816307 656 77
18.3888301 656 77
18.3960357 656 77
18.4032391 656 77
18.4104608 656 77
18.4176433 656 77
18.4248499 656 77
18.4320487 656 77
18.4392561 656 77
18.4464544 656 77
18.4536349 656 77
18.4608230 656 77
18.4680181 656 77
18.4752303 656 77
18.4824187 656 77
18.4896028 656 77
18.4968125 656 77
18.5040041 656 77
18.5112099 656 77
18.5183795 656 77
18.5255877 656 77
18.5327909 656 77
18.5400007 656 77
18.5472181 656 77
18.5544059 656 77
18.5615905 656 77
18.5688014 656 77
18.5760044 656 77
18.5832131 656 77
18.5904164 656 77
18.5976248 656 77
18.6048400 656 77
18.6120565 656 77
18.6192637 656 77
18.6264741 656 77
18.6336705 656 77
18.6408605 656 77
18.6480803 656 77
18.6552642 656 77
18.6624770 656 77
18.6697036 656 77
18.6768847 656 77
18.6840814 656 77
18.6912772 656 77
18.6984741 656 77
18.7056869 656 77
18.7128990 656 77
18.7201299 656 77
18.7273090 656 77
18.7345005 656 77
18.7417165 656 77
18.7489104 656 77
18.7560829 656 77
18.7632846 656 77
18.7704858 656 77
18.7776877 656 77
18.7848762 656 77
18.7920767 656 77
18.7992866 656 77
18.8064951 656 77
18.8136841 656 77
18.8208894 656 77
18.8280902 656 77
18.8352957 656 77
18.8424872 656 77
18.8496794 656 77
18.8568710 656 77
18.8640726 656 77
18.8712745 656 77
18.8784863 656 77
18.8856860 656 77
18.8928878 656 77
18.9000841 656 77
18.9072911 656 77
18.9144835 656 77
18.9216688 656 77
18.9288766 656 77
18.9360846 656 77
18.9432818 656 77
18.9504676 656 77
18.9576575 656 77
18.9648321 656 77
18.9720211 656 77
18.9792272 656 77
18.9864236 656 77
18.9936233 656 77
19.0008235 656 77
19.0080321 656 77
19.0152538 656 77
19.0224501 656 77
19.0296567 656 77
19.0368659 656 77
19.0440515 656 77
19.0512639 656 77
19.0584879 656 77
19.0656959 656 77
19.0729044 656 77
19.0801114 656 77
19.0873256 656 77
19.0945413 656 77
19.1017332 656 77
19.1089210 656 77
19.1161375 656 77
19.1233644 656 77
19.1305627 656 77
19.1377405 656 77
19.1449576 656 77
19.1521557 656 77
19.1593297 656 77
19.1665339 656 77
19.1737414 656 77
19.1809423 656 77
19.1881450 656 77
19.1953169 656 77
19.2025023 656 77
19.2097082 656 77
19.2169086 656 77
19.2241059 656 77
19.2312799 656 77
19.2384734 656 77
19.2456781 656 77
19.2528679 656 77
19.2600785 656 77
19.2672741 656 77
19.2744739 656 77
19.2816562 656 77
19.2888456 656 77
19.2960531 656 77
19.3032449 656 77
19.3104402 656 77
19.3176556 656 77
19.3248640 656 77
19.3320766 656 77
19.3392900 656 77
19.3465015 656 77
19.3537044 656 77
19.3609188 656 77
19.3681087 656 77
19.3752983 656 77
19.3824921 656 77
19.3896997 656 77
19.3968893 656 77
19.4040667 656 77
19.4112737 656 77
19.4184639 656 77
19.4256594 656 77
19.4328812 656 77
19.4400859 656 77
19.4472997 656 77
19.4545025 656 77
19.4616726 656 77
19.4688792 656 77
19.4760789 656 77
19.4832772 656 77
19.4904584 656 77
19.4976629 656 77
19.5048621 656 77
19.5120824 656 77
19.5192927 656 77
19.5264946 656 77
19.5337055 656 77
19.5409184 656 77
19.5481307 656 77
19.5553414 656 77
19.5625386 656 77
19.5697343 656 77
19.5769189 656 77
19.5840924 656 77
19.5912874 656 77
19.5984728 656 77
19.6056881 656 77
19.6128888 656 77
19.6200947 656 77
19.6272856 656 77
19.6344931 656 77
19.6416775 656 77
19.6488907 656 77
19.6560873 656 77
19.6632894 656 77
19.6704427 656 77
19.6776437 656 77
19.6848286 656 77
19.6920406 656 77
19.6992525 656 77
19.7064339 656 77
19.7136155 656 77
19.7208276 656 77
19.7280432 656 77
19.7352245 656 77
19.7424339 656 77
19.7496598 656 77
19.7568541 656 77
19.7640441 656 77
19.7712567 656 77
19.7784584 656 77
19.7856788 656 77
19.7929018 656 77
19.8001145 656 77
19.8073214 656 77
19.8145164 656 77
19.8217088 656 77
19.8288995 656 77
19.8361020 656 77
19.8432928 656 77
19.8504900 656 77
19.8576819 656 77
19.8648866 656 77
19.8720831 656 77
19.8792874 656 77
19.8864745 656 77
19.8936683 656 77
19.9008756 656 77
19.9080633 656 77
19.9152527 656 77
19.9224351 656 77
19.9296312 656 77
19.9368315 656 77
19.9440437 656 77
19.9512514 656 77
19.9584562 656 77
19.9656616 656 77
19.9728649 656 77
19.9800604 656 77
19.9872649 656 77
19.9944983 656 77
20.0016848 656 77
20.0088757 656 77
20.0160776 656 77
20.0232748 656 77
20.0304904 656 77
20.0376781 656 77
20.0448793 656 77
20.0520744 656 77
20.0592671 656 77
20.0664862 656 77
20.0736550 656 77
20.0808299 656 77
20.0880361 656 77
20.0952535 656 77
20.1024425 656 77
20.1096363 656 77
20.1168354 656 77
20.1240342 656 77
20.1312361 656 77
20.1384422 656 77
20.1456453 656 77
20.1528396 656 77
20.1600328 656 77
20.1672484 656 77
20.1744498 656 77
20.1816622 656 77
20.1888741 656 77
20.1960589 656 77
20.2032634 656 77
20.2104633 656 77
20.2176750 656 77
20.2248676 656 77
20.2320631 656 77
20.2392653 656 77
20.2464738 656 77
20.2536753 656 77
20.2608866 656 77
20.2680932 656 77
20.2753009 656 77
20.2825008 656 77
20.2896957 656 77
20.2969044 656 77
20.3040777 656 77
20.3112701 656 77
20.3184835 656 77
20.3256632 656 77
20.3328508 656 77
20.3400458 656 77
20.3472725 656 77
20.3544811 656 77
20.3617080 656 77
20.3688982 656 77
20.3761111 656 77
20.3833161 656 77
20.3905157 656 77
20.3977163 656 77
20.4049191 656 77
20.4121384 656 77
20.4193362 656 77
20.4265479 656 77
20.4337734 656 77
20.4409754 656 77
20.4481713 656 77
20.4553770 656 77
20.4625877 656 77
20.4697892 656 77
20.4769744 656 77
20.4841723 656 77
20.4913558 656 77
20.4985513 656 77
20.5057316 656 77
20.5129305 656 77
20.5201357 656 77
20.5273606 656 77
20.5345759 656 77
20.5418008 656 77
20.5490155 656 77
20.5562172 656 77
20.5634100 656 77
20.5706062 656 77
20.5778075 656 77
20.5849880 656 77
20.5921753 656 77
20.5993798 656 77
20.6065713 656 77
20.6137583 656 77
20.6209668 656 77
20.6281632 656 77
20.6353569 656 77
20.6425595 656 77
20.6497536 656 77
20.6569608 656 77
20.6641736 656 77
20.6713537 656 77
20.6785616 656 77
20.6857471 656 77
20.6929388 656 77
20.7001543 656 77
20.7073428 656 77
20.7145210 656 77
20.7217123 656 77
20.7288961 656 77
20.7360883 656 77
20.7432920 656 77
20.7505030 656 77
20.7577260 656 77
20.7649273 656 77
20.7721149 656 77
20.7793339 656 77
20.7865305 656 77
20.7937401 656 77
20.8009409 656 77
20.8081390 656 77
20.8153348 656 77
20.8225224 656 77
20.8297182 656 77
20.8369008 656 77
20.8441198 656 77
20.8513216 656 77
20.8585195 656 77
20.8657348 656 77
20.8729275 656 77
20.8801158 656 77
20.8873002 656 77
20.8944919 656 77
20.9016846 656 77
20.9089152 656 77
20.9161113 656 77
20.9232975 656 77
20.9305002 656 77
20.9377085 656 77
20.9448981 656 77
20.9520762 656 77
20.9592755 656 77
20.9664574 656 77
20.9736502 656 77
20.9808451 656 77
20.9880372 656 77
20.9952295 656 77
21.0024365 656 77
21.0096328 656 77
21.0168463 656 77
21.0240300 656 77
21.0312401 656 77
21.0384374 656 77
21.0456514 656 77
21.0528375 656 77
21.0600410 656 77
21.0672503 656 77
21.0744511 656 77
21.0816375 656 77
21.0888420 656 77
21.0960285 656 77
21.1032175 656 77
21.1104202 656 77
21.1176208 656 77
21.1247906 656 77
21.1319818 656 77
21.1391719 656 77
21.1463740 656 77
21.1535916 656 77
21.1608165 656 77
21.1679963 656 77
21.1752155 656 77
21.1824297 656 77
21.1896255 656 77
21.1968267 656 77
21.2040351 656 77
21.2112579 656 77
21.2184562 656 77
21.2256637 656 77
21.2328679 656 77
21.2400632 656 77
21.2472577 656 77
21.2544535 656 77
21.2616425 656 77
21.2688551 656 77
21.2760679 656 77
21.2832928 656 77
21.2904813 656 77
21.2977072 656 77
21.3049025 656 77
21.3120839 656 77
21.3192791 656 77
21.3264719 656 77
21.3336435 656 77
21.3408448 656 77
21.3480310 656 77
21.3552394 656 77
21.3624324 656 77
21.3696025 656 77
21.3767862 656 77
21.3840084 656 77
21.3911900 656 77
21.3983911 656 77
21.4055723 656 77
21.4127574 656 77
21.4199682 656 77
21.4271799 656 77
21.4343594 656 77
21.4415608 656 77
21.4487597 656 77
21.4559622 656 77
21.4631506 656 77
21.4703604 656 77
21.4775696 656 77
21.4847637 656 77
21.4919790 656 77
21.4991655 656 77
21.5063719 656 77
21.5135638 656 77
21.5207548 656 77
21.5279369 656 77
21.5351370 656 77
21.5423334 656 77
21.5495249 656 77
21.5567504 656 77
21.5639549 656 77
21.5711632 656 77
21.5783777 656 77
21.5855830 656 77
21.5927617 656 77
21.5999609 656 77
21.6071538 656 77
21.6143588 656 77
21.6215761 656 77
21.6287614 656 77
21.6359690 656 77
21.6432020 656 77
21.6504114 656 77
21.6575979 656 77
21.6647865 656 77
21.6719972 656 77
21.6791979 656 77
21.6864109 656 77
21.6936163 656 77
21.7008274 656 77
21.7080168 656 77
21.7152175 656 77
21.7224401 656 77
21.7296236 656 77
21.7368226 656 77
21.7440158 656 77
21.7512026 656 77
21.7583867 656 77
21.7655867 656 77
21.7727916 656 77
21.7800008 656 77
21.7872149 656 77
21.7944138 656 77
21.8015787 656 77
21.8087722 656 77
21.8159501 656 77
21.8231514 656 77
21.8303454 656 77
21.8375419 656 77
21.8447421 656 77
21.8519486 656 77
21.8591534 656 77
21.8663621 656 77
21.8735889 656 77
21.8808051 656 77
21.8879939 656 77
21.8952029 656 77
21.9023780 656 77
21.9095843 656 77
21.9167657 656 77
21.9239530 656 77
21.9311345 656 77
21.9383109 656 77
21.9455106 656 77
21.9527118 656 77
21.9599039 656 77
21.9670995 656 77
21.9743296 656 77
21.9815257 656 77
21.9887158 656 77
21.9958884 656 77
22.0030810 656 77
22.0102951 656 77
22.0174932 656 77
22.0246863 656 77
22.0318894 656 77
22.0390828 656 77
22.0462919 656 77
22.0535036 656 77
22.0606873 656 77
22.0678865 656 77
22.0750935 656 77
22.0822882 656 77
22.0894866 656 77
22.0967077 656 77
22.1038900 656 77
22.1110804 656 77
22.1182733 656 77
22.1254825 656 77
22.1326796 656 77
22.1398846 656 77
22.1470880 656 77
22.1542828 656 77
22.1614891 656 77
22.1687143 656 77
22.1759262 656 77
22.1831334 656 77
22.1903143 656 77
22.1975164 656 77
22.2046942 656 77
22.2119060 656 77
22.2190869 656 77
22.2262771 656 77
22.2334758 656 77
22.2406800 656 77
22.2478707 656 77
22.2550803 656 77
22.2622758 656 77
22.2694527 656 77
22.2766594 656 77
22.2838746 656 77
22.2910784 656 77
22.2983005 656 77
22.3054850 656 77
22.3126787 656 77
22.3198892 656 77
22.3270876 656 77
22.3342902 656 77
22.3414961 656 77
22.3487251 656 77
22.3559125 656 77
22.3630999 656 77
22.3703128 656 77
22.3774994 656 77
22.3846890 656 77
22.3918838 656 77
22.3990917 656 77
22.4062787 656 77
22.4134916 656 77
22.4206937 656 77
22.4278992 656 77
22.4351080 656 77
22.4423091 656 77
22.4495097 656 77
22.4567163 656 77
22.4639250 656 77
22.4711329 656 77
22.4783311 656 77
22.4855262 656 77
22.4927422 656 77
22.4999353 656 77
22.5071362 656 77
22.5143257 656 77
22.5215222 656 77
22.5287386 656 77
22.5359377 656 77
22.5431475 656 77
22.5503475 656 77
22.5575508 656 77
22.5647449 656 77
22.5719564 656 77
22.5791703 656 77
22.5863705 656 77
22.5935952 656 77
22.6008283 656 77
22.6080276 656 77
22.6152451 656 77
22.6224327 656 77
22.6296418 656 77
22.6368410 656 77
22.6440404 656 77
22.6512047 656 77
22.6584007 656 77
22.6656032 656 77
22.6728154 656 77
22.6800182 656 77
22.6872144 656 77
22.6944137 656 77
22.7016037 656 77
22.7088120 656 77
22.7159955 656 77
22.7232104 656 77
22.7303926 656 77
22.7375761 656 77
22.7447813 656 77
22.7519960 656 77
22.7591763 656 77
22.7663806 656 77
22.7735721 656 77
22.7807797 656 77
22.7879628 656 77
22.7951613 656 77
22.8023652 656 77
22.8095728 656 77
22.8167801 656 77
22.8239683 656 77
22.8311806 656 77
22.8383855 656 77
22.8455920 656 77
22.8528098 656 77
22.8600175 656 77
22.8672194 656 77
22.8743945 656 77
22.8815957 656 77
22.8887834 656 77
22.8959947 656 77
22.9031987 656 77
22.9104034 656 77
22.9175919 656 77
22.9248059 656 77
22.9319960 656 77
22.9392122 656 77
22.9464173 656 77
22.9536359 656 77
22.9608206 656 77
22.9680197 656 77
22.9752020 656 77
22.9824120 656 77
22.9896451 656 77
22.9968649 656 77
23.0040609 656 77
23.0112696 656 77
23.0184687 656 77
23.0256566 656 77
23.0328491 656 77
23.0400315 656 77
23.0472476 656 77
23.0544748 656 77
23.0616877 656 77
23.0688989 656 77
23.0761096 656 77
23.0832993 656 77
23.0904756 656 77
23.0976849 656 77
23.1048737 656 77
23.1120665 656 77
23.1192623 656 77
23.1264544 656 77
23.1336497 656 77
23.1408565 656 77
23.1480566 656 77
23.1552779 656 77
23.1624925 656 77
23.1696959 656 77
23.1768753 656 77
23.1840625 656 77
23.1912641 656 77
23.1984470 656 77
23.2056282 656 77
23.2128079 656 77
23.2200102 656 77
23.2272037 656 77
23.2343959 656 77
23.2415919 656 77
23.2487684 656 77
23.2559639 656 77
23.2631723 656 77
23.2703594 656 77
23.2775811 656 77
23.2847877 656 77
23.2920090 656 77
23.2991876 656 77
23.3064034 656 77
23.3136040 656 77
23.3208009 656 77
23.3280077 656 77
23.3352138 656 77
23.3424150 656 77
23.3496037 656 77
23.3567995 656 77
23.3640093 656 77
23.3712113 656 77
23.3784119 656 77
23.3856298 656 77
23.3928435 656 77
23.4000403 656 77
23.4072647 656 77
23.4144722 656 77
23.4216994 656 77
23.4288989 656 77
23.4360827 656 77
23.4432859 656 77
23.4504934 656 77
23.4576839 656 77
23.4648955 656 77
23.4721138 656 77
23.4792884 656 77
23.4864609 656 77
23.4936801 656 77
23.5008776 656 77
23.5080725 656 77
23.5152847 656 77
23.5224670 656 77
23.5296608 656 77
23.5368790 656 77
23.5440710 656 77
23.5512913 656 77
23.5584807 656 77
23.5656889 656 77
23.5728840 656 77
23.5800873 656 77
23.5872719 656 77
23.5944764 656 77
23.6016869 656 77
23.6088861 656 77
23.6160887 656 77
23.6232962 656 77
23.6304870 656 77
23.6377024 656 77
23.6448952 656 77
23.6520735 656 77
23.6592792 656 77
23.6664845 656 77
23.6736905 656 77
23.6808887 656 77
23.6880799 656 77
23.6952827 656 77
23.7024911 656 77
23.7096763 656 77
23.7168703 656 77
23.7240675 656 77
23.7312526 656 77
23.7384432 656 77
23.7456394 656 77
23.7528438 656 77
23.7600416 656 77
23.7672502 656 77
23.7744760 656 77
23.7816755 656 77
23.7888861 656 77
23.7960854 656 77
23.8032927 656 77
23.8104994 656 77
23.8177105 656 77
23.8249170 656 77
23.8321202 656 77
23.8393161 656 77
23.8465255 656 77
23.8537200 656 77
23.8609314 656 77
23.8681092 656 77
23.8753121 656 77
23.8825148 656 77
23.8897035 656 77
23.8969068 656 77
23.9040807 656 77
23.9112712 656 77
23.9184645 656 77
23.9256677 656 77
23.9328885 656 77
23.9401064 656 77
23.9473067 656 77
23.9545123 656 77
23.9617205 656 77
23.9689154 656 77
23.9761075 656 77
23.9833000 656 77
23.9905089 656 77
23.9977230 656 77
24.0000000 656 77
