nm_new
0.0000522 300
0.0072607 402 40
0.0144064 406 40
0.0216077 409 41
0.0287968 412 42
0.0360046 416 42
0.0432203 419 42
0.0504447 422 44
0.0576624 426 44
0.0648592 429 44
0.0720663 432 44
0.0792479 435 44
0.0864408 439 45
0.0936551 442 45
0.1008693 445 45
0.1080793 448 45
0.1152894 451 46
0.1224891 454 46
0.1296815 457 47
0.1368805 460 47
0.1441092 463 47
0.1513051 466 47
0.1585226 469 48
0.1657205 472 49
0.1729318 475 49
0.1801295 478 50
0.1873192 481 51
0.1945136 484 51
0.2017220 487 53
0.2089435 490 53
0.2161673 492 53
0.2233896 495 53
0.2305815 498 53
0.2377906 501 54
0.2449802 503 54
0.2521766 506 56
0.2593837 509 58
0.2665826 511 58
0.2737741 514 59
0.2809761 517 60
0.2881912 519 60
0.2953924 522 61
0.3025905 524 61
0.3098051 527 62
0.3170070 530 62
0.3242009 532 62
0.3314097 535 62
0.3386071 537 62
0.3457921 539 62
0.3530015 542 63
0.3602121 544 64
0.3674231 547 64
0.3746120 549 64
0.3818050 552 64
0.3890085 554 65
0.3962219 556 67
0.4034206 559 67
0.4106106 561 67
0.4178317 563 67
0.4250434 565 67
0.4322370 568 68
0.4394405 570 68
0.4466141 572 68
0.4537987 574 68
0.4609890 577 68
0.4681713 579 68
0.4754003 581 70
0.4826073 583 70
0.4897921 585 70
0.4969940 587 70
0.5042032 589 71
0.5113856 591 71
0.5185818 594 71
0.5257575 596 71
0.5329636 598 71
0.5401602 600 71
0.5473456 602 71
0.5545452 604 72
0.5617639 606 72
0.5689786 608 73
0.5761722 610 73
0.5833558 611 73
0.5905752 613 73
0.5977880 615 73
0.6049844 617 73
0.6122058 619 73
0.6194116 621 74
0.6266307 623 74
0.6338273 625 74
0.6410363 627 74
0.6482254 628 74
0.6554231 630 74
0.6626326 632 74
0.6698487 634 74
0.6770329 635 74
0.6842279 637 75
0.6914284 639 75
0.6986087 641 75
0.7058354 642 75
0.7130475 644 75
0.7202659 646 75
0.7274689 648 75
0.7346675 649 76
0.7418629 651 76
0.7490654 652 76
0.7562502 654 76
0.7634591 656 76
0.7706710 657 76
0.7778697 659 76
0.7850511 661 76
0.7922358 662 76
0.7994520 664 76
0.8066769 665 76
0.8138839 667 76
0.8210813 668 76
0.8282483 670 76
0.8354489 671 77
0.8426280 673 77
0.8498176 674 77
0.8570179 676 77
0.8642009 677 77
0.8714069 679 77
0.8786093 680 77
0.8858116 682 77
0.8930063 683 78
0.9002104 684 78
0.9074245 686 78
0.9146223 687 78
0.9218438 689 78
0.9290483 690 78
0.9362521 691 78
0.9434678 693 78
0.9506627 694 78
0.9578831 695 78
0.9650829 697 79
0.9722947 698 80
0.9795007 699 80
0.9866946 701 80
0.9938777 702 80
1.0010898 703 80
1.0082852 704 80
1.0154903 706 80
1.0226617 707 80
1.0298632 708 80
1.0370860 709 80
1.0442766 711 80
1.0514868 712 80
1.0587018 713 80
1.0658892 714 80
1.0730926 715 80
1.0802957 717 80
1.0875067 718 80
1.0947096 719 80
1.1019035 720 80
1.1091238 721 80
1.1163244 722 80
1.1235327 724 80
1.1307188 725 80
1.1379237 726 80
1.1451123 727 80
1.1523308 728 80
1.1595423 729 80
1.1667384 730 80
1.1739334 731 80
1.1811356 732 80
1.1883509 733 80
1.1955591 734 80
1.2027741 735 80
1.2099610 737 80
1.2171572 738 80
1.2243414 739 80
1.2315297 740 80
1.2387324 741 80
1.2459420 742 80
1.2531247 743 81
1.2603076 744 81
1.2675036 745 81
1.2747055 746 81
1.2819103 746 81
1.2891202 747 81
1.2963185 748 81
1.3035084 749 81
1.3107088 750 81
1.3178848 751 81
1.3251018 752 81
1.3323088 753 81
1.3395068 754 81
1.3467011 755 81
1.3538967 756 81
1.3611061 757 81
1.3683095 758 81
1.3755192 758 81
1.3827319 759 81
1.3899395 760 81
1.3971429 761 81
1.4043430 762 81
1.4115529 763 81
1.4187414 764 81
1.4259425 764 81
1.4331475 765 81
1.4403598 766 81
1.4475483 767 81
1.4547556 768 81
1.4619763 768 81
1.4691735 769 81
1.4763894 770 81
1.4835901 771 81
1.4907823 772 81
1.4979708 772 81
1.5051767 773 81
1.5123742 774 81
1.5195605 775 81
1.5267574 775 81
1.5339664 776 81
1.5411724 777 81
1.5483813 778 81
1.5555883 778 81
1.5627643 779 81
1.5699750 780 81
1.5771728 781 81
1.5843754 781 81
1.5915643 782 81
1.5987612 783 81
1.6059690 783 81
1.6131659 784 81
1.6203716 785 81
1.6275753 785 81
1.6347925 786 81
1.6419747 787 81
1.6491632 788 81
1.6563507 788 81
1.6635335 789 81
1.6707375 789 81
1.6779376 790 81
1.6851290 791 81
1.6923225 791 81
1.6995270 792 81
1.7067032 793 81
1.7138952 793 81
1.7211160 794 81
1.7283132 795 81
1.7355158 795 81
1.7427177 796 81
1.7499287 796 81
1.7571334 797 81
1.7643396 798 81
1.7715350 798 81
1.7787595 799 81
1.7859680 799 81
1.7931656 800 81
1.8003685 800 81
1.8075695 801 81
1.8147952 802 81
1.8219834 802 81
1.8291799 803 81
1.8364116 803 81
1.8436130 804 81
1.8508255 804 81
1.8580269 805 81
1.8652256 805 81
1.8723931 806 81
1.8795918 807 81
1.8867942 807 81
1.8939985 808 81
1.9012092 808 81
1.9084192 809 81
1.9156239 809 81
1.9228345 810 81
1.9300405 810 81
1.9372344 811 81
1.9444231 811 81
1.9516053 812 81
1.9588138 812 81
1.9660078 813 81
1.9732008 813 81
1.9804092 814 82
1.9876373 814 82
1.9948287 815 82
2.0020306 815 82
2.0092323 815 82
2.0164364 816 82
2.0236372 816 82
2.0308316 817 82
2.0380135 817 82
2.0452006 818 82
2.0523992 818 82
2.0595928 819 83
2.0667943 819 83
2.0740062 820 83
2.0811740 820 83
2.0883669 820 84
2.0955603 821 84
2.1027521 821 84
2.1099813 822 84
2.1171876 822 84
2.1243943 822 84
2.1315936 823 84
2.1387865 823 84
2.1459947 824 84
2.1531986 824 84
2.1604000 825 84
2.1676219 825 84
2.1748370 825 84
2.1820350 826 84
2.1892191 826 84
2.1964199 826 84
2.2036059 827 85
2.2108262 827 85
2.2180197 828 85
2.2251961 828 85
2.2323859 828 85
2.2395554 829 85
2.2467581 829 85
2.2539655 829 85
2.2611541 830 85
2.2683505 830 85
2.2755245 831 85
2.2827078 831 85
2.2898939 831 85
2.2971082 832 85
2.3042880 832 85
2.3114803 832 85
2.3186975 833 85
2.3258851 833 85
2.3330913 833 85
2.3403000 834 85
2.3474880 834 85
2.3546729 834 85
2.3618722 835 85
2.3690540 835 85
2.3762510 835 85
2.3834683 836 85
2.3906876 836 85
2.3978834 836 85
2.4050832 837 85
2.4122748 837 85
2.4194620 837 85
2.4266620 837 85
2.4338733 838 85
2.4410757 838 85
2.4482694 838 85
2.4554412 839 86
2.4626451 839 86
2.4698337 839 87
2.4770325 840 87
2.4842377 840 87
2.4914571 840 87
2.4986552 840 87
2.5058566 841 87
2.5130674 841 88
2.5202813 841 88
2.5274556 842 88
2.5346828 842 88
2.5418877 842 88
2.5490921 842 88
2.5562982 843 88
2.5634835 843 88
2.5706628 843 88
2.5778767 843 88
2.5850673 844 88
2.5922535 844 88
2.5994466 844 88
2.6066344 844 88
2.6138481 845 88
2.6210269 845 88
2.6282152 845 88
2.6354214 845 88
2.6426391 846 88
2.6498343 846 88
2.6570100 846 88
2.6642117 846 88
2.6714147 847 88
2.6786151 847 88
2.6858059 847 88
2.6930155 847 88
2.7002328 848 88
2.7074362 848 88
2.7146492 848 88
2.7218482 848 88
2.7290450 849 88
2.7362289 849 88
2.7434435 849 88
2.7506393 849 88
2.7578397 849 88
2.7650409 850 88
2.7722237 850 88
2.7794331 850 88
2.7866200 850 88
2.7938184 851 88
2.8010288 851 88
2.8082281 851 88
2.8154501 851 88
2.8226363 851 88
2.8298403 852 88
2.8370486 852 88
2.8442263 852 88
2.8514244 852 88
2.8586171 852 88
2.8658279 853 88
2.8730186 853 88
2.8802364 853 88
2.8874325 853 88
2.8946278 853 88
2.9018190 854 88
2.9090057 854 88
2.9161860 854 88
2.9233919 854 88
2.9305909 854 88
2.9377723 854 88
2.9449776 855 88
2.9521844 855 88
2.9593825 855 88
2.9665957 855 88
2.9737794 855 88
2.9809664 856 88
2.9881599 856 88
2.9953733 856 88
3.0025697 856 88
3.0097662 856 88
3.0169890 856 88
3.0241870 857 88
3.0313969 857 88
3.0385967 857 88
3.0458006 857 88
3.0530014 857 88
3.0601833 857 88
3.0673641 858 88
3.0745654 858 88
3.0817530 858 88
3.0889670 858 88
3.0961560 858 88
3.1033744 858 88
3.1105714 859 88
3.1177616 859 88
3.1249563 859 88
3.1321434 859 88
3.1393457 859 88
3.1465502 859 88
3.1537612 859 88
3.1609771 860 88
3.1681672 860 88
3.1753664 860 88
3.1825708 860 88
3.1897950 860 88
3.1969933 860 88
3.2041961 860 88
3.2114000 861 88
3.2185751 861 88
3.2257884 861 88
3.2329895 861 88
3.2401796 861 88
3.2473854 861 88
3.2546185 861 88
3.2618219 862 88
3.2690182 862 88
3.2762150 862 88
3.2834092 862 88
3.2906356 862 88
3.2978354 862 88
3.3050337 862 88
3.3122321 862 88
3.3194302 863 88
3.3266447 863 88
3.3338466 863 88
3.3410484 863 88
3.3482554 863 88
3.3554869 863 88
3.3626952 863 88
3.3698973 863 88
3.3770964 864 88
3.3842916 864 88
3.3914956 864 88
3.3986762 864 88
3.4058664 864 88
3.4130540 864 88
3.4202321 864 88
3.4274329 864 88
3.4346169 865 88
3.4418164 865 88
3.4490177 865 88
3.4562145 865 88
3.4634087 865 88
3.4706089 865 88
3.4777785 865 88
3.4849760 865 88
3.4921487 865 88
3.4993369 866 88
3.5065346 866 88
3.5137251 866 88
3.5208839 866 88
3.5281023 866 88
3.5352904 866 88
3.5425074 866 88
3.5497008 866 88
3.5568982 866 88
3.5640954 866 88
3.5712837 867 88
3.5784929 867 88
3.5856696 867 88
3.5928800 867 88
3.6000860 867 88
3.6073033 867 88
3.6144951 867 88
3.6216796 867 88
3.6288927 867 88
3.6360840 867 88
3.6433084 868 88
3.6505204 868 88
3.6577269 868 88
3.6649190 868 88
3.6721041 868 88
3.6792835 868 88
3.6864913 868 88
3.6936822 868 88
3.7008697 868 88
3.7080623 868 88
3.7152810 868 88
3.7224865 869 88
3.7296809 869 88
3.7368799 869 88
3.7440575 869 88
3.7512611 869 88
3.7584653 869 88
3.7656810 869 88
3.7728709 869 88
3.7800807 869 88
3.7872680 869 88
3.7944708 869 88
3.8016775 869 88
3.8088768 870 88
3.8160603 870 88
3.8232472 870 88
3.8304296 870 88
3.8376198 870 88
3.8448222 870 88
3.8520222 870 88
3.8592366 870 88
3.8664266 870 88
3.8736267 870 88
3.8808115 870 88
3.8880084 870 88
3.8952005 870 88
3.9024012 871 88
3.9095944 871 88
3.9167933 871 88
3.9240130 871 88
3.9311990 871 88
3.9384064 871 88
3.9456211 871 88
3.9528480 871 88
3.9600145 871 88
3.9672264 871 89
3.9744231 871 89
3.9815958 871 89
3.9887877 871 89
3.9959959 871 89
4.0031885 872 89
4.0103847 872 90
4.0175776 872 90
4.0247550 872 90
4.0319542 872 90
4.0391570 872 90
4.0463529 872 90
4.0535445 872 90
4.0607308 872 90
4.0679281 872 90
4.0751429 872 90
4.0823634 872 90
4.0895691 872 90
4.0967818 872 90
4.1039949 872 90
4.1112022 873 90
4.1184049 873 90
4.1256303 873 90
4.1328436 873 90
4.1400463 873 90
4.1472494 873 90
4.1544519 873 90
4.1616543 873 91
4.1688366 873 91
4.1760416 873 91
4.1832247 873 91
4.1904312 873 91
4.1976490 873 91
4.2048498 873 91
4.2120595 873 91
4.2192639 873 91
4.2264695 873 91
4.2336895 874 91
4.2408967 874 91
4.2480930 874 91
4.2552705 874 91
4.2624858 874 92
4.2696679 874 92
4.2768839 874 92
4.2840720 874 92
4.2912844 874 92
4.2984988 874 92
4.3057060 874 92
4.3129135 874 92
4.3201057 874 92
4.3273051 874 92
4.3344926 874 92
4.3416943 874 92
4.3488879 874 92
4.3560686 874 92
4.3632598 875 93
4.3704921 875 93
4.3776854 875 93
4.3848816 875 93
4.3920772 875 93
4.3992914 875 93
4.4065170 875 93
4.4137056 875 93
4.4208999 875 93
4.4280837 875 93
4.4353018 875 93
4.4425176 875 93
4.4497056 875 93
4.4569058 875 93
4.4641040 875 93
4.4712813 875 93
4.4784864 875 93
4.4857052 875 93
4.4928875 875 93
4.5000971 876 93
4.5073165 876 93
4.5145034 876 93
4.5217100 876 93
4.5289086 876 93
4.5361028 876 93
4.5432960 876 93
4.5505001 876 93
4.5577001 876 93
4.5648864 876 93
4.5721096 876 93
4.5793059 876 93
4.5864925 876 93
4.5937073 876 93
4.6009038 876 93
4.6080873 876 93
4.6152797 876 93
4.6224701 876 93
4.6296578 876 93
4.6368435 876 93
4.6440307 876 93
4.6512183 876 93
4.6583927 877 93
4.6655539 877 93
4.6727293 877 93
4.6799286 877 93
4.6871220 877 93
4.6943087 877 93
4.7015124 877 93
4.7087063 877 93
4.7158957 877 93
4.7231046 877 93
4.7303017 877 93
4.7374941 877 93
4.7446982 877 93
4.7518974 877 93
4.7590871 877 93
4.7663086 877 93
4.7735035 877 93
4.7806935 877 93
4.7878568 877 93
4.7950586 877 93
4.8022535 877 93
4.8094623 877 93
4.8166575 877 93
4.8238655 877 93
4.8310821 877 93
4.8382775 878 93
4.8454701 878 94
4.8526703 878 94
4.8598711 878 94
4.8670797 878 94
4.8742684 878 94
4.8814883 878 94
4.8886927 878 94
4.8959036 878 94
4.9031078 878 94
4.9103187 878 94
4.9175218 878 94
4.9247100 878 94
4.9319119 878 94
4.9391131 878 94
4.9463236 878 94
4.9535348 878 94
4.9607292 878 94
4.9679520 878 94
4.9751393 878 94
4.9823326 878 94
4.9895222 878 94
4.9967374 878 94
5.0039444 878 94
5.0111356 878 94
5.0183114 878 94
5.0255038 878 94
5.0327090 879 94
5.0399043 879 94
5.0470844 879 94
5.0542832 879 94
5.0614917 879 94
5.0686585 879 94
5.0758533 879 94
5.0830369 879 94
5.0902453 879 94
5.0974459 879 94
5.1046536 879 94
5.1118586 879 94
5.1190624 879 94
5.1262492 879 94
5.1334519 879 94
5.1406485 879 94
5.1478501 879 94
5.1550497 879 94
5.1622512 879 94
5.1694364 879 94
5.1766332 879 94
5.1838428 879 94
5.1910489 879 94
5.1982419 879 94
5.2054431 879 94
5.2126586 879 94
5.2198610 879 94
5.2270774 879 94
5.2343146 879 94
5.2414848 879 94
5.2486655 879 94
5.2558628 880 94
5.2630537 880 94
5.2702631 880 94
5.2774851 880 94
5.2846888 880 94
5.2918849 880 94
5.2990798 880 94
5.3062999 880 94
5.3135097 880 94
5.3207042 880 94
5.3279154 880 94
5.3350963 880 94
5.3422954 880 94
5.3494830 880 94
5.3566688 880 94
5.3638663 880 94
5.3710729 880 94
5.3782909 880 94
5.3854980 880 94
5.3926983 880 94
5.3998859 880 94
5.4070971 880 94
5.4143089 880 94
5.4215176 880 94
5.4287215 880 94
5.4359279 880 94
5.4431101 880 94
5.4503181 880 94
5.4575059 880 94
5.4647032 880 94
5.4718859 880 94
5.4790831 880 94
5.4862834 880 94
5.4934991 880 94
5.5007144 881 94
5.5079078 881 94
5.5150980 881 94
5.5222844 881 94
5.5294794 881 94
5.5366936 881 94
5.5438867 881 94
5.5511002 881 94
5.5583122 881 94
5.5655361 881 94
5.5727392 881 94
5.5799472 881 94
5.5871619 881 94
5.5943745 881 94
5.6015991 881 94
5.6088182 881 94
5.6160074 881 94
5.6231986 881 94
5.6303729 881 94
5.6375912 881 94
5.6447929 881 94
5.6519964 881 94
5.6592039 881 94
5.6663940 881 94
5.6735768 881 94
5.6807816 881 94
5.6879892 881 94
5.6952144 881 94
5.7024167 881 94
5.7095969 881 94
5.7167971 881 94
5.7239807 881 94
5.7311794 881 94
5.7383744 881 94
5.7455827 881 94
5.7527972 882 94
5.7599988 882 94
5.7671962 882 94
5.7744016 882 94
5.7815960 882 94
5.7888035 882 94
5.7959966 882 94
5.8031814 882 94
5.8103646 882 94
5.8175787 882 94
5.8247820 882 94
5.8320000 882 94
5.8391810 882 94
5.8463766 882 95
5.8535879 882 95
5.8607694 882 95
5.8679694 882 95
5.8751666 882 95
5.8823626 882 95
5.8895487 882 95
5.8967383 882 95
5.9039141 882 95
5.9110917 882 95
5.9182969 882 95
5.9254949 882 95
5.9326951 882 95
5.9398760 882 95
5.9470708 882 95
5.9542932 882 95
5.9614923 882 95
5.9686878 882 95
5.9758807 882 95
5.9830729 882 95
5.9902477 882 95
5.9974619 882 95
6.0046408 883 95
6.0118213 883 95
6.0190286 883 95
6.0262136 883 95
6.0334155 883 95
6.0406231 883 95
6.0478277 883 95
6.0550132 883 95
6.0622088 883 95
6.0694200 883 95
6.0766325 883 95
6.0838240 883 95
6.0910190 883 95
6.0982303 883 95
6.1054017 883 95
6.1126085 883 95
6.1198324 883 95
6.1270120 883 95
6.1342122 883 95
6.1414200 883 95
6.1486183 883 95
6.1558273 883 95
6.1630444 883 95
6.1702549 883 95
6.1774480 883 95
6.1846294 883 95
6.1918512 883 95
6.1990750 883 95
6.2062740 883 95
6.2134411 883 95
6.2206261 883 95
6.2278197 883 95
6.2350465 883 95
6.2422663 883 95
6.2494470 883 95
6.2566406 884 95
6.2638251 884 95
6.2710270 884 95
6.2782087 884 95
6.2854015 884 95
6.2925947 884 95
6.2998046 884 95
6.3070074 884 95
6.3142079 884 95
6.3213853 884 95
6.3285936 884 95
6.3357789 884 95
6.3429694 884 95
6.3501568 884 95
6.3573566 884 95
6.3645501 884 95
6.3717620 884 95
6.3789529 884 95
6.3861734 884 95
6.3933558 884 95
6.4005699 884 95
6.4077941 884 95
6.4150063 884 95
6.4222062 884 95
6.4294039 884 95
6.4366059 884 95
6.4438112 884 95
6.4510106 884 95
6.4582298 884 95
6.4654332 884 95
6.4726388 884 95
6.4798357 884 95
6.4870243 884 95
6.4942576 884 95
6.5014465 884 95
6.5086490 885 95
6.5158219 885 95
6.5230175 885 95
6.5302144 885 95
6.5374173 885 95
6.5446116 885 95
6.5517990 885 95
6.5590036 885 95
6.5662249 885 95
6.5734195 885 95
6.5806007 885 95
6.5878126 885 95
6.5950044 885 95
6.6022162 885 95
6.6094349 885 95
6.6166328 885 95
6.6238237 885 95
6.6310128 885 95
6.6382243 885 95
6.6454246 885 95
6.6526387 885 95
6.6598513 885 95
6.6670611 885 95
6.6742486 885 95
6.6814456 885 95
6.6886315 885 95
6.6958322 885 95
6.7030404 885 95
6.7102245 885 95
6.7174253 885 95
6.7246263 885 95
6.7318355 885 95
6.7390426 885 95
6.7462458 885 95
6.7534332 885 95
6.7606336 886 95
6.7678587 886 95
6.7750378 886 95
6.7822382 886 95
6.7894432 886 95
6.7966662 886 95
6.8038699 886 95
6.8110606 886 95
6.8182526 886 95
6.8254506 886 95
6.8326633 886 95
6.8398527 886 95
6.8470474 886 95
6.8542452 886 95
6.8614552 886 95
6.8686432 886 95
6.8758298 886 95
6.8830185 886 95
6.8902203 886 95
6.8974205 886 95
6.9046159 886 95
6.9118241 886 95
6.9190320 886 95
6.9262452 886 95
6.9334494 886 95
6.9406375 886 95
6.9478616 886 95
6.9550670 886 95
6.9622733 886 95
6.9694644 886 95
6.9766485 886 95
6.9838393 886 95
6.9910385 886 95
6.9982484 886 95
7.0054440 887 95
7.0126368 887 95
7.0198425 887 95
7.0270277 887 95
7.0342382 887 95
7.0414403 887 95
7.0486235 887 95
7.0558372 887 95
7.0630445 887 95
7.0702706 887 95
7.0774651 887 95
7.0846595 887 95
7.0918795 887 95
7.0990669 887 95
7.1062607 887 95
7.1134615 887 95
7.1206666 887 95
7.1278663 887 95
7.1350661 887 95
7.1422579 887 95
7.1494495 887 95
7.1566431 887 95
7.1638375 887 95
7.1710171 887 95
7.1782056 887 95
7.1854054 887 95
7.1926116 887 95
7.1998259 887 95
7.2070089 887 95
7.2142037 887 95
7.2214204 887 95
7.2286038 887 95
7.2357961 887 95
7.2429847 887 95
7.2501768 887 95
7.2573937 888 95
7.2645871 888 95
7.2717915 888 95
7.2789994 888 95
7.2861928 888 95
7.2933722 888 95
7.3005770 888 95
7.3077837 888 95
7.3149884 888 95
7.3221925 888 95
7.3294048 888 95
7.3366029 888 95
7.3438281 888 95
7.3510347 888 95
7.3582459 888 95
7.3654582 888 95
7.3726441 888 95
7.3798532 888 95
7.3870490 888 95
7.3942504 888 95
7.4014537 888 95
7.4086353 888 95
7.4158300 888 95
7.4230423 888 95
7.4302552 888 95
7.4374587 888 95
7.4446182 888 95
7.4518199 888 95
7.4590121 888 95
7.4662201 888 95
7.4734424 888 95
7.4806414 888 95
7.4878343 888 95
7.4950347 888 95
7.5022394 888 95
7.5094251 889 95
7.5166085 889 95
7.5238006 889 95
7.5310057 889 95
7.5382094 889 95
7.5454141 889 95
7.5526021 889 95
7.5597951 889 95
7.5670046 889 95
7.5741976 889 95
7.5813894 889 95
7.5885923 889 95
7.5958103 889 95
7.6030144 889 95
7.6102116 889 95
7.6174027 889 95
7.6246103 889 95
7.6317981 889 95
7.6389847 889 95
7.6461890 889 95
7.6533937 889 95
7.6605876 889 95
7.6677864 889 95
7.6749789 889 95
7.6821819 889 95
7.6893936 889 95
7.6965903 889 95
7.7037802 889 95
7.7109793 889 95
7.7181828 889 95
7.7254032 889 95
7.7326042 889 95
7.7398254 889 95
7.7470189 889 95
7.7542158 890 95
7.7614211 890 95
7.7686178 890 95
7.7758284 890 95
7.7830306 890 95
7.7902357 890 95
7.7974511 890 95
7.8046392 890 95
7.8118509 890 95
7.8190464 890 95
7.8262360 890 95
7.8334346 890 95
7.8406524 890 95
7.8478470 890 95
7.8550315 890 95
7.8622340 890 95
7.8694276 890 95
7.8766303 890 95
7.8838117 890 95
7.8910207 890 95
7.8982247 890 95
7.9054310 890 95
7.9126305 890 95
7.9198493 890 95
7.9270482 890 95
7.9342459 890 95
7.9414685 890 95
7.9486570 890 95
7.9558707 890 95
7.9630627 890 95
7.9702758 890 95
7.9774568 890 95
7.9846605 890 95
7.9918639 890 95
7.9990728 890 95
8.0062672 891 95
8.0134709 891 95
8.0206858 891 95
8.0278945 891 95
8.0350809 891 95
8.0422888 891 95
8.0495065 891 95
8.0567006 891 95
8.0639052 891 95
8.0710818 891 95
8.0782782 891 95
8.0854739 891 95
8.0926648 891 95
8.0998483 891 95
8.1070401 891 95
8.1142300 891 95
8.1214322 891 95
8.1286456 891 95
8.1358456 891 95
8.1430296 891 95
8.1502312 891 95
8.1574286 891 95
8.1646442 891 95
8.1718491 891 95
8.1790443 891 95
8.1862618 891 95
8.1934677 891 95
8.2006876 891 95
8.2078833 891 96
8.2150518 891 96
8.2222217 891 96
8.2294264 891 96
8.2366319 891 96
8.2438215 891 96
8.2510200 891 96
8.2582146 892 96
8.2654282 892 96
8.2726334 892 96
8.2798405 892 96
8.2870322 892 96
8.2942434 892 96
8.3014326 892 96
8.3086130 892 96
8.3158035 892 96
8.3230202 892 96
8.3302237 892 96
8.3374147 892 96
8.3446108 892 96
8.3518104 892 96
8.3590041 892 96
8.3661967 892 96
8.3733843 892 96
8.3805773 892 96
8.3877868 892 96
8.3949839 892 96
8.4021934 892 96
8.4093890 892 96
8.4166011 892 96
8.4238077 892 96
8.4310160 892 96
8.4381919 892 96
8.4453896 892 96
8.4526024 892 96
8.4597913 892 96
8.4669931 892 96
8.4741944 892 96
8.4813921 892 96
8.4885941 892 96
8.4957880 892 96
8.5029907 892 96
8.5101600 893 96
8.5173648 893 96
8.5245755 893 96
8.5317819 893 96
8.5389677 893 96
8.5461515 893 96
8.5533568 893 96
8.5605621 893 96
8.5677550 893 96
8.5749618 893 96
8.5821751 893 96
8.5893832 893 96
8.5965952 893 96
8.6038038 893 96
8.6110028 893 96
8.6181958 893 96
8.6253973 893 96
8.6325987 893 96
8.6397999 893 96
8.6470067 893 96
8.6542205 893 96
8.6614122 893 96
8.6686352 893 96
8.6758621 893 96
8.6830612 893 96
8.6902579 893 96
8.6974677 893 96
8.7046528 893 96
8.7118484 893 96
8.7190542 893 96
8.7262497 893 96
8.7334393 893 96
8.7406392 893 96
8.7478590 893 96
8.7550727 893 96
8.7622710 894 96
8.7694581 894 96
8.7766463 894 96
8.7838409 894 96
8.7910615 894 96
8.7982776 894 96
8.8054788 894 96
8.8127046 894 96
8.8199284 894 96
8.8271248 894 96
8.8343321 894 96
8.8415669 894 96
8.8487596 894 96
8.8559749 894 96
8.8631815 894 96
8.8704078 894 96
8.8776133 894 96
8.8848096 894 96
8.8920245 894 96
8.8992381 894 96
8.9064620 894 96
8.9136594 894 96
8.9208473 894 96
8.9280435 894 96
8.9352274 894 96
8.9424010 894 96
8.9495990 894 96
8.9567842 894 96
8.9639788 894 96
8.9711758 894 96
8.9783554 894 96
8.9855565 894 96
8.9927635 894 96
8.9999602 894 96
9.0071834 894 96
9.0143856 895 96
9.0215866 895 96
9.0287696 895 96
9.0359623 895 96
9.0431949 895 96
9.0503760 895 96
9.0575690 895 96
9.0647527 895 96
9.0719646 895 96
9.0791347 895 96
9.0863569 895 96
9.0935522 895 96
9.1007634 895 96
9.1079665 895 96
9.1151678 895 96
9.1223682 895 96
9.1295631 895 96
9.1367496 895 96
9.1439663 895 96
9.1511667 895 96
9.1583610 895 96
9.1655540 895 96
9.1727467 895 96
9.1799657 895 96
9.1871805 895 96
9.1943674 895 96
9.2015743 895 96
9.2087621 895 96
9.2159553 895 96
9.2231572 895 96
9.2303821 895 96
9.2376004 895 96
9.2448154 895 96
9.2520039 895 96
9.2591892 896 96
9.2664138 896 96
9.2736028 896 96
9.2808159 896 96
9.2880119 896 96
9.2951966 896 96
9.3023903 896 96
9.3095951 896 96
9.3167824 896 96
9.3239888 896 96
9.3311900 896 96
9.3383917 896 96
9.3456138 896 96
9.3528285 896 96
9.3600132 896 96
9.3672062 896 97
9.3744239 896 97
9.3816291 896 97
9.3888046 896 97
9.3960020 896 97
9.4032087 896 97
9.4104138 896 97
9.4176057 896 97
9.4248164 896 97
9.4320321 896 97
9.4392242 896 97
9.4464307 896 97
9.4536327 896 97
9.4608370 896 97
9.4680258 896 97
9.4752010 896 97
9.4823949 896 97
9.4895956 896 97
9.4968116 896 97
9.5039975 896 97
9.5112065 897 97
9.5184044 897 97
9.5256112 897 97
9.5328325 897 97
9.5400338 897 97
9.5472525 897 97
9.5544542 897 97
9.5616384 897 97
9.5688279 897 97
9.5760417 897 97
9.5832472 897 97
9.5904572 897 97
9.5976606 897 97
9.6048699 897 97
9.6120624 897 97
9.6192697 897 97
9.6264787 897 97
9.6336744 897 97
9.6408522 897 97
9.6480460 897 97
9.6552367 897 97
9.6624228 897 97
9.6696217 897 97
9.6767976 897 97
9.6840085 897 97
9.6911954 897 97
9.6983775 897 97
9.7055924 897 97
9.7127911 897 97
9.7199927 897 97
9.7272060 897 97
9.7343924 897 97
9.7415995 897 97
9.7488007 897 97
9.7559829 897 97
9.7631880 898 97
9.7703970 898 97
9.7775903 898 97
9.7847778 898 97
9.7919709 898 97
9.7991656 898 97
9.8063585 898 97
9.8135614 898 97
9.8207572 898 97
9.8279527 898 97
9.8351604 898 97
9.8423665 898 97
9.8495601 898 97
9.8567609 898 97
9.8639738 898 97
9.8711749 898 97
9.8783746 898 97
9.8855578 898 97
9.8927539 898 97
9.8999686 898 97
9.9071409 898 97
9.9143406 898 97
9.9215515 898 97
9.9287651 898 97
9.9359492 898 97
9.9431534 898 97
9.9503623 898 97
9.9575482 898 97
9.9647543 898 97
9.9719551 898 97
9.9791709 898 97
9.9863731 898 97
9.9935938 898 97
10.0007914 898 97
10.0079940 899 97
10.0151843 899 97
10.0223819 899 97
10.0295682 899 97
10.0367824 899 97
10.0439930 899 97
10.0511867 899 97
10.0583845 899 97
10.0655780 899 97
10.0727697 899 97
10.0799871 899 97
10.0871903 899 97
10.0943888 899 97
10.1015924 899 97
10.1087829 899 97
10.1159637 899 97
10.1231425 899 97
10.1303465 899 97
10.1375619 899 97
10.1447801 899 97
10.1519708 899 97
10.1591636 899 97
10.1663695 899 97
10.1735702 899 97
10.1807707 899 97
10.1879783 899 97
10.1951621 899 97
10.2023737 899 97
10.2095722 899 97
10.2167715 899 97
10.2239824 899 97
10.2311857 899 97
10.2383768 899 97
10.2456112 899 97
10.2527991 899 97
10.2600115 900 97
10.2672042 900 97
10.2743954 900 97
10.2815906 900 97
10.2887865 900 97
10.2959727 900 97
10.3031788 900 97
10.3103529 900 97
10.3175516 900 97
10.3247264 900 97
10.3319185 900 97
10.3391301 900 97
10.3463295 900 97
10.3535150 900 97
10.3606965 900 97
10.3678968 900 97
10.3751117 900 97
10.3823141 900 97
10.3895123 900 97
10.3967058 900 97
10.4039190 900 97
10.4111136 900 97
10.4183288 900 97
10.4255252 900 97
10.4327166 900 97
10.4399090 900 97
10.4471056 900 97
10.4542785 900 97
10.4614906 900 97
10.4686750 900 97
10.4758840 900 97
10.4830558 900 97
10.4902667 900 97
10.4974704 900 97
10.5046810 900 97
10.5118890 901 97
10.5190878 901 97
10.5262947 901 97
10.5334858 901 97
10.5406728 901 97
10.5478811 901 97
10.5550736 901 97
10.5622633 901 97
10.5694665 901 97
10.5766570 901 97
10.5838479 901 97
10.5910601 901 97
10.5982592 901 97
10.6054724 901 97
10.6127188 901 97
10.6199062 901 97
10.6270772 901 97
10.6342725 901 97
10.6414662 901 97
10.6486788 901 97
10.6558722 901 97
10.6630685 901 97
10.6702675 901 97
10.6774585 901 97
10.6846504 901 97
10.6918572 901 97
10.6990373 901 97
10.7062441 901 97
10.7134323 901 97
10.7206435 901 97
10.7278244 901 97
10.7350182 901 97
10.7422241 901 97
10.7494137 901 97
10.7566196 901 97
10.7638253 902 97
10.7710263 902 97
10.7782176 902 97
10.7854129 902 97
10.7926196 902 97
10.7998004 902 97
10.8070306 902 97
10.8142274 902 97
10.8214180 902 97
10.8286102 902 97
10.8358243 902 97
10.8430363 902 97
10.8502416 902 97
10.8574483 902 97
10.8646644 902 97
10.8718504 902 97
10.8790418 902 97
10.8862342 902 97
10.8934406 902 97
10.9006425 902 97
10.9078613 902 97
10.9150291 902 97
10.9222053 902 97
10.9294143 902 97
10.9366230 902 97
10.9438112 902 97
10.9510113 902 97
10.9581895 902 97
10.9654006 902 97
10.9725967 902 97
10.9798105 902 97
10.9870180 902 97
10.9942215 902 97
11.0013975 902 97
11.0085958 902 97
11.0157674 903 97
11.0229834 903 97
11.0302000 903 97
11.0374013 903 97
11.0446067 903 97
11.0518036 903 97
11.0589908 903 97
11.0662117 903 97
11.0734123 903 97
11.0806126 903 97
11.0878203 903 97
11.0950339 903 97
11.1022292 903 97
11.1094314 903 97
11.1166340 903 97
11.1238498 903 97
11.1310572 903 97
11.1382415 903 97
11.1454492 903 97
11.1526728 903 97
11.1598957 903 97
11.1671009 903 97
11.1743006 903 97
11.1815017 903 97
11.1887087 903 97
11.1959160 903 97
11.2031390 903 97
11.2103325 903 97
11.2175144 903 97
11.2247119 903 97
11.2319083 903 97
11.2391204 903 97
11.2463229 903 97
11.2535160 903 97
11.2607432 903 97
11.2679158 904 97
11.2751219 904 97
11.2823270 904 97
11.2895284 904 97
11.2967300 904 97
11.3039299 904 97
11.3111050 904 97
11.3183008 904 97
11.3254944 904 97
11.3326877 904 97
11.3398635 904 97
11.3470605 904 97
11.3542693 904 97
11.3614589 904 97
11.3686620 904 97
11.3758636 904 97
11.3830569 904 97
11.3902597 904 97
11.3974656 904 97
11.4046674 904 97
11.4118632 904 97
11.4190540 904 97
11.4262583 904 97
11.4334490 904 97
11.4406695 904 97
11.4478614 904 97
11.4550680 904 97
11.4622725 904 97
11.4694941 904 97
11.4766985 904 97
11.4838989 904 97
11.4910982 904 97
11.4982875 904 97
11.5055078 904 97
11.5127149 904 97
11.5199158 905 97
11.5271071 905 97
11.5342967 905 97
11.5415013 905 97
11.5487190 905 97
11.5559129 905 97
11.5631191 905 97
11.5703243 905 97
11.5774992 905 97
11.5846949 905 97
11.5919133 905 97
11.5991254 905 97
11.6063271 905 97
11.6135314 905 97
11.6207233 905 97
11.6279378 905 97
11.6351340 905 97
11.6423105 905 97
11.6495172 905 97
11.6567103 905 97
11.6639124 905 97
11.6711203 905 97
11.6783203 905 97
11.6855023 905 97
11.6926886 905 97
11.6999068 905 97
11.7070912 905 97
11.7142934 905 97
11.7214920 905 97
11.7286745 905 97
11.7358652 905 97
11.7430614 905 97
11.7502549 905 97
11.7574659 905 97
11.7646853 906 97
11.7718918 906 97
11.7791066 906 97
11.7863081 906 97
11.7935252 906 97
11.8007365 906 97
11.8079332 906 97
11.8151215 906 97
11.8223389 906 97
11.8295301 906 97
11.8367326 906 97
11.8439079 906 97
11.8510826 906 97
11.8583019 906 97
11.8654825 906 97
11.8726798 906 97
11.8798855 906 97
11.8870896 906 97
11.8942912 906 97
11.9014888 906 98
11.9086929 906 98
11.9159010 906 98
11.9231096 906 98
11.9303018 906 98
11.9374822 906 98
11.9446908 906 98
11.9519082 906 98
11.9591089 906 98
11.9663192 906 98
11.9735143 906 98
11.9807095 906 98
11.9879253 906 98
11.9951232 906 98
12.0023304 906 98
12.0095444 906 98
12.0167438 907 98
12.0239266 907 98
12.0311058 907 98
12.0382810 907 98
12.0454569 907 98
12.0526572 907 98
12.0598320 907 98
12.0670248 907 98
12.0742125 907 98
12.0814134 907 98
12.0885984 907 98
12.0957922 907 98
12.1030220 907 98
12.1102316 907 98
12.1174410 907 98
12.1246253 907 98
12.1318261 907 98
12.1390268 907 98
12.1462374 907 98
12.1534566 907 98
12.1606663 907 98
12.1678669 907 98
12.1750663 907 98
12.1822636 907 98
12.1894810 907 98
12.1966670 907 98
12.2038636 907 98
12.2110457 907 98
12.2182626 907 98
12.2254817 907 98
12.2327061 907 98
12.2398891 907 98
12.2471032 907 98
12.2543047 907 98
12.2615165 907 98
12.2687114 908 98
12.2759106 908 98
12.2830952 908 98
12.2902955 908 98
12.2975075 908 98
12.3047159 908 98
12.3118969 908 98
12.3190763 908 98
12.3262845 908 98
12.3335072 908 98
12.3407053 908 98
12.3478743 908 98
12.3550632 908 98
12.3622548 908 98
12.3694662 908 98
12.3766475 908 98
12.3838225 908 98
12.3909994 908 98
12.3981605 908 98
12.4053510 908 98
12.4125611 908 98
12.4197696 908 98
12.4269787 908 98
12.4341765 908 98
12.4413866 908 98
12.4485626 908 98
12.4557616 908 98
12.4629622 908 98
12.4701630 908 98
12.4773670 908 98
12.4845668 908 98
12.4917799 908 98
12.4989748 908 98
12.5061794 908 98
12.5133641 908 98
12.5205485 909 98
12.5277574 909 98
12.5349449 909 98
12.5421405 909 98
12.5493367 909 98
12.5565374 909 98
12.5637298 909 98
12.5709512 909 98
12.5781433 909 98
12.5853303 909 98
12.5925094 909 98
12.5997302 909 98
12.6069380 909 98
12.6141385 909 98
12.6213373 909 98
12.6285227 909 98
12.6357263 909 98
12.6429243 909 98
12.6501276 909 98
12.6573305 909 98
12.6645275 909 98
12.6717265 909 98
12.6789272 909 98
12.6861171 909 98
12.6933176 909 98
12.7005193 909 98
12.7077132 909 98
12.7148846 909 98
12.7220795 909 98
12.7292757 909 98
12.7364824 909 98
12.7436957 909 98
12.7508730 909 98
12.7580676 909 98
12.7652395 909 98
12.7724459 910 98
12.7796455 910 98
12.7868554 910 98
12.7940520 910 98
12.8012702 910 98
12.8084677 910 98
12.8156794 910 98
12.8228864 910 98
12.8300615 910 98
12.8372546 910 98
12.8444500 910 98
12.8516595 910 98
12.8588668 910 98
12.8660586 910 98
12.8732599 910 98
12.8804469 910 98
12.8876510 910 98
12.8948222 910 98
12.9020333 910 98
12.9092122 910 98
12.9164084 910 98
12.9236118 910 98
12.9307986 910 98
12.9379817 910 98
12.9451733 910 98
12.9523610 910 98
12.9595474 910 98
12.9667624 910 98
12.9739694 910 98
12.9811718 910 98
12.9883680 910 98
12.9955453 910 98
13.0027355 910 98
13.0099451 910 98
13.0171175 910 98
13.0243407 911 98
13.0315592 911 98
13.0387647 911 98
13.0459726 911 98
13.0531684 911 98
13.0603755 911 98
13.0675800 911 98
13.0747669 911 98
13.0819464 911 98
13.0891418 911 98
13.0963662 911 98
13.1035791 911 98
13.1107643 911 98
13.1179799 911 98
13.1251894 911 98
13.1323810 911 98
13.1395698 911 98
13.1467671 911 98
13.1539686 911 98
13.1611900 911 98
13.1683727 911 98
13.1755596 911 98
13.1827496 911 98
13.1899444 911 98
13.1971148 911 98
13.2043161 911 98
13.2115096 911 98
13.2187119 911 98
13.2259212 911 98
13.2330911 911 98
13.2402939 911 98
13.2474962 911 98
13.2547109 911 98
13.2619170 911 98
13.2691441 912 98
13.2763328 912 98
13.2835421 912 98
13.2907555 912 98
13.2979615 912 98
13.3051661 912 98
13.3123712 912 98
13.3195541 912 98
13.3267502 912 98
13.3339408 912 98
13.3411505 912 98
13.3483471 912 98
13.3555466 912 98
13.3627500 912 98
13.3699591 912 98
13.3771703 912 98
13.3843509 912 98
13.3915542 912 98
13.3987671 912 98
13.4059635 912 98
13.4131791 912 98
13.4203743 912 98
13.4275727 912 98
13.4347621 912 98
13.4419674 912 98
13.4491756 912 98
13.4563794 912 98
13.4635803 912 98
13.4708077 912 98
13.4779956 912 98
13.4851777 912 98
13.4924168 912 98
13.4996192 912 98
13.5068091 912 98
13.5140147 912 98
13.5212163 913 98
13.5284181 913 98
13.5356317 913 98
13.5428366 913 98
13.5500236 913 98
13.5572164 913 98
13.5644273 913 98
13.5716130 913 98
13.5788118 913 98
13.5860058 913 98
13.5931822 913 98
13.6004119 913 98
13.6076321 913 98
13.6148542 913 98
13.6220499 913 98
13.6292534 913 98
13.6364414 913 98
13.6436489 913 98
13.6508526 913 98
13.6580484 913 98
13.6652484 913 98
13.6724415 913 98
13.6796464 913 98
13.6868552 913 98
13.6940422 913 98
13.7012414 913 98
13.7084434 913 98
13.7156682 913 98
13.7228734 913 98
13.7301001 913 98
13.7372962 913 98
13.7444836 913 98
13.7516678 913 98
13.7588820 913 98
13.7660962 913 98
13.7732866 914 98
13.7805049 914 98
13.7876919 914 98
13.7948828 914 98
13.8020856 914 98
13.8092761 914 98
13.8164809 914 98
13.8236919 914 98
13.8309089 914 98
13.8381041 914 98
13.8453070 914 98
13.8525115 914 98
13.8597110 914 98
13.8669078 914 98
13.8741084 914 98
13.8813195 914 98
13.8885038 914 98
13.8957061 914 98
13.9028830 914 98
13.9100805 914 98
13.9172826 914 98
13.9244727 914 98
13.9316671 914 98
13.9388708 914 98
13.9460585 914 98
13.9532551 914 98
13.9604423 914 98
13.9676427 914 98
13.9748322 914 98
13.9820346 914 98
13.9892225 914 98
13.9964461 914 98
14.0036544 914 98
14.0108461 914 98
14.0180559 914 98
14.0252549 915 98
14.0324740 915 98
14.0396806 915 98
14.0468697 915 98
14.0540667 915 98
14.0612737 915 98
14.0684533 915 98
14.0756496 915 98
14.0828370 915 98
14.0900450 915 98
14.0972556 915 98
14.1044550 915 98
14.1116795 915 98
14.1188529 915 98
14.1260432 915 98
14.1332512 915 98
14.1404591 915 98
14.1476629 915 98
14.1548687 915 98
14.1620758 915 98
14.1692925 915 98
14.1764780 915 98
14.1836768 915 98
14.1908683 915 98
14.1980653 915 98
14.2052391 915 98
14.2124275 915 98
14.2196302 915 98
14.2268348 915 98
14.2340458 915 98
14.2412375 915 98
14.2484536 915 98
14.2556486 915 98
14.2628338 915 98
14.2700420 916 98
14.2772597 916 98
14.2844736 916 98
14.2917021 916 98
14.2989212 916 98
14.3061370 916 98
14.3133384 916 98
14.3205335 916 98
14.3277388 916 98
14.3349580 916 98
14.3421896 916 98
14.3493912 916 98
14.3565984 916 98
14.3638058 916 98
14.3710089 916 98
14.3782021 916 98
14.3853927 916 98
14.3926024 916 98
14.3998136 916 98
14.4070194 916 98
14.4142159 916 98
14.4213924 916 98
14.4286018 916 98
14.4357924 916 98
14.4430046 916 98
14.4502115 916 98
14.4573893 916 98
14.4646170 916 98
14.4718110 916 98
14.4790203 916 98
14.4862127 916 98
14.4934090 916 98
14.5006088 916 98
14.5078138 916 98
14.5150223 916 98
14.5222480 917 98
14.5294819 917 98
14.5366905 917 98
14.5438990 917 98
14.5511115 917 98
14.5583216 917 98
14.5655241 917 98
14.5727217 917 98
14.5799167 917 98
14.5871243 917 98
14.5943189 917 98
14.6015145 917 98
14.6086994 917 98
14.6159174 917 98
14.6231200 917 98
14.6303315 917 98
14.6375440 917 98
14.6447269 917 98
14.6519238 917 99
14.6591123 917 99
14.6663063 917 99
14.6734960 917 99
14.6806936 917 99
14.6878904 917 99
14.6950970 917 99
14.7022821 917 99
14.7094568 917 99
14.7166621 917 99
14.7238653 917 99
14.7310570 917 99
14.7382519 917 99
14.7454534 917 99
14.7526500 917 99
14.7598685 917 99
14.7670654 918 99
14.7742672 918 99
14.7814624 918 99
14.7886739 937 99
14.7958706 937 99
14.8030670 937 99
14.8102706 937 99
14.8174710 937 99
14.8246761 937 99
14.8318936 937 99
14.8390775 937 99
14.8462699 937 99
14.8534749 937 99
14.8606835 937 99
14.8678781 937 99
14.8750826 937 99
14.8822896 937 99
14.8894930 937 99
14.8966968 937 99
14.9038682 937 99
14.9110659 937 99
14.9182706 937 99
14.9254804 937 99
14.9326790 937 99
14.9398985 937 99
14.9471099 937 99
14.9542961 937 99
14.9614989 937 99
14.9687064 937 99
14.9758978 937 99
14.9830928 937 99
14.9902869 937 99
14.9974805 937 99
15.0046962 937 99
15.0119472 937 99
15.0191493 938 99
15.0263500 938 99
15.0335492 938 99
15.0407549 938 99
15.0479475 938 99
15.0551359 938 99
15.0623240 938 99
15.0695370 938 99
15.0767425 938 99
15.0839376 938 99
15.0911304 938 99
15.0983436 938 99
15.1055643 938 99
15.1127750 938 99
15.1199595 938 99
15.1271606 938 99
15.1343587 938 99
15.1415622 938 99
15.1487505 938 99
15.1559494 938 99
15.1631640 938 99
15.1703715 948 99
15.1775748 948 99
15.1847650 948 99
15.1919488 948 99
15.1991490 948 99
15.2063485 948 99
15.2135388 948 99
15.2207421 948 99
15.2279318 948 99
15.2351317 948 99
15.2423227 948 99
15.2495093 948 99
15.2567272 948 99
15.2639263 948 99
15.2711292 949 99
15.2783232 949 99
15.2855377 949 99
15.2927367 949 99
15.2999152 949 99
15.3071289 949 99
15.3143473 949 99
15.3215587 949 99
15.3287528 949 99
15.3359569 949 99
15.3431441 949 99
15.3503344 949 99
15.3575558 949 99
15.3647846 949 99
15.3719538 949 99
15.3791614 949 99
15.3863510 949 99
15.3935516 949 99
15.4007699 949 99
15.4079808 949 99
15.4151910 949 99
15.4223981 949 99
15.4295998 949 99
15.4367991 949 99
15.4440018 949 99
15.4512184 949 99
15.4584174 949 99
15.4656221 949 99
15.4728262 949 99
15.4800200 949 99
15.4872109 949 99
15.4944167 949 99
15.5016256 949 99
15.5088302 949 99
15.5160336 949 99
15.5232310 950 99
15.5304352 950 99
15.5376347 950 99
15.5448257 950 99
15.5520280 950 99
15.5592193 950 99
15.5664394 950 99
15.5736397 950 99
15.5808499 950 99
15.5880368 950 99
15.5952498 950 99
15.6024454 950 99
15.6096411 950 99
15.6168200 950 99
15.6240065 950 99
15.6312090 950 99
15.6384127 950 99
15.6456138 950 99
15.6528243 950 99
15.6600155 950 99
15.6672255 950 99
15.6744464 950 99
15.6816460 950 99
15.6888513 950 99
15.6960593 950 99
15.7032439 950 99
15.7104266 950 99
15.7176296 950 99
15.7248256 950 99
15.7320100 950 99
15.7392014 950 99
15.7463798 950 99
15.7535713 950 99
15.7607617 950 99
15.7679892 950 99
15.7751820 951 99
15.7823660 951 99
15.7895630 951 99
15.7967656 951 99
15.8039634 951 99
15.8111554 951 99
15.8183377 951 99
15.8255449 951 99
15.8327545 951 99
15.8399528 951 99
15.8471404 951 99
15.8543459 951 99
15.8615729 951 99
15.8687849 951 99
15.8759927 951 99
15.8831776 951 99
15.8903578 951 99
15.8975733 951 99
15.9047727 951 99
15.9119823 951 99
15.9191712 951 99
15.9263881 951 99
15.9336058 951 99
15.9408046 951 99
15.9479906 951 99
15.9552231 951 99
15.9624491 951 99
15.9696424 951 99
15.9768457 951 99
15.9840359 951 99
15.9912370 951 99
15.9984424 951 99
16.0056293 951 99
16.0128144 951 99
16.0200200 951 99
16.0272081 952 99
16.0344063 952 99
16.0416198 952 99
16.0488049 952 99
16.0560218 952 99
16.0632243 952 99
16.0704225 952 99
16.0776328 952 99
16.0848369 952 99
16.0920430 952 99
16.0992591 952 99
16.1064603 952 99
16.1136550 952 99
16.1208786 952 99
16.1280878 952 99
16.1353072 952 99
16.1425497 952 99
16.1497762 952 99
16.1569583 952 99
16.1641505 952 99
16.1713502 952 99
16.1785397 952 99
16.1857398 952 99
16.1929411 952 99
16.2001441 952 99
16.2073495 952 99
16.2145502 952 99
16.2217665 952 99
16.2289684 952 99
16.2361724 952 99
16.2433990 952 99
16.2505913 952 99
16.2577886 952 99
16.2649941 952 99
16.2721862 952 99
16.2793932 953 99
16.2866056 953 99
16.2937989 953 99
16.3009809 953 99
16.3081832 953 99
16.3153995 953 99
16.3226018 953 99
16.3297734 953 99
16.3369733 953 99
16.3441760 953 99
16.3514182 953 99
16.3586073 953 99
16.3657979 953 99
16.3729722 953 99
16.3801686 953 99
16.3873545 953 99
16.3945480 953 99
16.4017476 953 99
16.4089328 953 99
16.4161316 953 99
16.4233241 953 99
16.4304976 953 99
16.4376871 953 99
16.4448895 953 99
16.4521065 953 99
16.4592912 953 99
16.4664798 953 99
16.4736834 953 99
16.4808806 953 99
16.4880875 953 99
16.4953031 953 99
16.5025091 953 99
16.5096881 953 99
16.5168994 953 99
16.5240833 954 99
16.5312736 954 99
16.5384860 954 99
16.5456559 954 99
16.5528668 954 99
16.5600860 954 99
16.5673004 954 99
16.5745036 954 99
16.5817095 954 99
16.5889274 954 99
16.5961505 954 99
16.6033429 954 99
16.6105590 954 99
16.6177587 954 99
16.6249444 954 99
16.6321407 954 99
16.6393468 954 99
16.6465516 954 99
16.6537630 954 99
16.6609566 954 99
16.6681517 954 99
16.6753569 954 99
16.6825476 954 99
16.6897566 954 99
16.6969622 954 99
16.7041475 954 99
16.7113131 954 99
16.7185084 954 99
16.7257260 954 99
16.7329346 954 99
16.7401354 954 99
16.7473460 954 99
16.7545380 954 99
16.7617184 954 99
16.7689170 954 99
16.7761162 955 99
16.7833129 955 99
16.7905352 955 99
16.7977402 955 99
16.8049612 955 99
16.8121337 955 99
16.8193230 955 99
16.8265373 955 99
16.8337302 955 99
16.8409352 955 99
16.8481275 955 99
16.8553430 955 99
16.8625158 955 99
16.8697121 955 99
16.8768878 955 99
16.8840779 955 99
16.8912792 955 99
16.8984744 955 99
16.9056726 955 99
16.9128765 955 99
16.9200356 955 99
16.9272223 955 99
16.9344358 955 99
16.9416400 955 99
16.9488447 955 99
16.9560458 955 99
16.9632630 955 99
16.9704650 955 99
16.9776596 955 99
16.9848499 955 99
16.9920440 955 99
16.9992742 955 99
17.0064814 955 99
17.0136733 955 99
17.0208830 955 99
17.0280862 956 99
17.0352818 956 99
17.0425123 956 99
17.0497144 956 99
17.0569051 956 99
17.0641016 956 99
17.0713085 956 99
17.0785071 956 99
17.0857143 956 99
17.0929010 956 99
17.1000893 956 99
17.1072937 956 99
17.1144842 956 99
17.1216833 956 99
17.1288972 956 99
17.1360770 956 99
17.1432564 956 99
17.1504592 956 99
17.1576440 956 99
17.1648335 956 99
17.1720394 956 99
17.1792530 956 99
17.1864795 956 99
17.1936479 956 99
17.2008407 956 99
17.2080384 956 99
17.2152536 956 99
17.2224289 956 99
17.2296302 956 99
17.2368092 956 99
17.2440188 956 99
17.2512251 956 99
17.2584234 956 99
17.2656186 956 99
17.2728104 956 99
17.2800195 956 99
17.2872061 956 99
17.2944360 956 99
17.3016690 956 99
17.3088691 956 99
17.3160678 956 99
17.3232643 956 99
17.3304609 956 99
17.3376646 956 99
17.3448859 956 99
17.3520766 956 99
17.3592559 956 99
17.3664578 956 99
17.3736501 956 99
17.3808720 956 99
17.3880712 956 99
17.3952834 956 99
17.4024869 956 99
17.4096908 956 99
17.4168964 956 99
17.4240808 956 99
17.4312796 956 99
17.4384681 956 99
17.4456628 956 99
17.4528589 956 99
17.4600507 956 99
17.4672459 956 99
17.4744313 956 99
17.4816026 956 99
17.4887832 956 99
17.4959840 956 99
17.5032080 956 99
17.5104304 956 99
17.5176571 956 99
17.5248802 956 99
17.5320952 956 99
17.5393015 956 99
17.5465179 956 99
17.5537287 956 99
17.5609241 956 99
17.5681521 956 99
17.5753514 956 99
17.5825568 956 99
17.5897635 956 99
17.5969844 956 99
17.6041717 956 99
17.6113623 956 99
17.6185443 956 99
17.6257429 956 99
17.6329446 956 99
17.6401600 956 99
17.6473671 956 99
17.6545634 956 99
17.6617493 956 99
17.6689503 956 99
17.6761380 956 99
17.6833720 956 99
17.6905775 956 99
17.6977855 956 99
17.7050063 956 99
17.7122040 956 99
17.7193989 956 99
17.7266080 956 99
17.7337973 956 99
17.7409853 956 99
17.7481867 956 99
17.7553930 956 99
17.7625689 956 99
17.7697719 956 99
17.7769718 956 99
17.7841808 956 99
17.7913807 956 99
17.7985781 956 99
17.8057663 956 99
17.8129626 956 99
17.8201622 956 99
17.8273675 956 99
17.8345803 956 99
17.8417733 956 99
17.8489864 956 99
17.8561647 956 99
17.8633620 956 99
17.8705822 956 99
17.8777808 956 99
17.8849832 956 99
17.8921786 956 99
17.8993998 956 99
17.9065909 956 99
17.9137913 956 99
17.9210106 956 99
17.9282172 956 99
17.9354339 956 99
17.9426165 956 99
17.9498139 956 99
17.9570093 956 99
17.9642074 956 99
17.9714033 956 99
17.9786078 956 99
17.9858173 956 99
17.9930177 956 99
18.0002130 956 99
18.0074022 956 99
18.0145846 956 99
18.0217712 956 99
18.0289428 956 99
18.0361700 956 99
18.0433614 956 99
18.0505702 956 99
18.0577630 956 99
18.0649655 956 99
18.0721500 956 99
18.0793710 956 99
18.0865764 956 99
18.0937767 956 99
18.1009670 956 99
18.1081721 956 99
18.1153588 956 99
18.1225593 956 99
18.1297329 956 99
18.1369398 956 99
18.1441415 956 99
18.1513309 956 99
18.1585356 956 99
18.1657422 956 99
18.1729130 956 99
18.1801023 956 99
18.1872886 956 99
18.1944839 956 99
18.2016767 956 99
18.2088671 956 99
18.2160344 956 99
18.2232457 956 99
18.2304206 956 99
18.2376004 956 99
18.2447768 956 99
18.2519642 956 99
18.2591603 956 99
18.2663618 956 99
18.2735701 956 99
18.2807688 956 99
18.2879812 956 99
18.2951957 956 99
18.3023958 956 99
18.3096128 956 99
18.3168062 956 99
18.3240015 956 99
18.3312213 956 99
18.3384277 956 99
18.3456376 956 99
18.3528393 956 99
18.3600324 956 99
18.3672223 956 99
18.3744020 956 99
18.3816282 956 99
18.3888277 956 99
18.3960334 956 99
18.4032362 956 99
18.4104586 956 99
18.4176406 956 99
18.4248474 956 99
18.4320463 956 99
18.4392538 956 99
18.4464518 956 99
18.4536320 956 99
18.4608205 956 99
18.4680152 956 99
18.4752277 956 99
18.4824165 956 99
18.4896006 956 99
18.4968100 956 99
18.5040019 956 99
18.5112070 956 99
18.5183773 956 99
18.5255851 956 99
18.5327884 956 99
18.5399979 956 99
18.5472157 956 99
18.5544036 956 99
18.5615880 956 99
18.5687991 956 99
18.5760016 956 99
18.5832104 956 99
18.5904136 956 99
18.5976226 956 99
18.6048373 956 99
18.6120541 956 99
18.6192611 956 99
18.6264714 956 99
18.6336682 956 99
18.6408576 956 99
18.6480777 956 99
18.6552617 956 99
18.6624745 956 99
18.6697006 956 99
18.6768824 956 99
18.6840785 956 99
18.6912744 956 99
18.6984713 956 99
18.7056846 956 99
18.7128966 956 99
18.7201274 956 99
18.7273067 956 99
18.7344983 956 99
18.7417141 956 99
18.7489075 956 99
18.7560801 956 99
18.7632823 956 99
18.7704830 956 99
18.7776849 956 99
18.7848735 956 99
18.7920739 956 99
18.7992844 956 99
18.8064928 956 99
18.8136818 956 99
18.8208867 956 99
18.8280878 956 99
18.8352930 956 99
18.8424847 956 99
18.8496770 956 99
18.8568680 956 99
18.8640699 956 99
18.8712720 956 99
18.8784838 956 99
18.8856837 956 99
18.8928851 956 99
18.9000815 956 99
18.9072884 956 99
18.9144809 956 99
18.9216663 956 99
18.9288743 956 99
18.9360819 956 99
18.9432792 956 99
18.9504651 956 99
18.9576550 956 99
18.9648295 956 99
18.9720188 956 99
18.9792249 956 99
18.9864210 956 99
18.9936205 956 99
19.0008207 956 99
19.0080298 956 99
19.0152514 956 99
19.0224474 956 99
19.0296538 956 99
19.0368635 956 99
19.0440488 956 99
19.0512615 956 99
19.0584853 956 99
19.0656934 956 99
19.0729020 956 99
19.0801086 956 99
19.0873233 956 99
19.0945389 956 99
19.1017306 956 99
19.1089185 956 99
19.1161351 956 99
19.1233615 956 99
19.1305604 956 99
19.1377383 956 99
19.1449551 956 99
19.1521530 956 99
19.1593271 956 99
19.1665312 956 99
19.1737386 956 99
19.1809399 956 99
19.1881422 956 99
19.1953139 956 99
19.2025000 956 99
19.2097058 956 99
19.2169062 956 99
19.2241035 956 99
19.2312773 956 99
19.2384707 956 99
19.2456752 956 99
19.2528652 956 99
19.2600759 956 99
19.2672713 956 99
19.2744710 956 99
19.2816535 956 99
19.2888434 956 99
19.2960506 956 99
19.3032425 956 99
19.3104374 956 99
19.3176534 956 99
19.3248617 956 99
19.3320739 956 99
19.3392874 956 99
19.3464986 956 99
19.3537020 956 99
19.3609164 956 99
19.3681062 956 99
19.3752960 956 99
19.3824896 956 99
19.3896972 956 99
19.3968867 956 99
19.4040638 956 99
19.4112710 956 99
19.4184616 956 99
19.4256570 956 99
19.4328785 956 99
19.4400835 956 99
19.4472969 956 99
19.4545000 956 99
19.4616703 956 99
19.4688769 956 99
19.4760760 956 99
19.4832748 956 99
19.4904555 956 99
19.4976602 956 99
19.5048596 956 99
19.5120797 956 99
19.5192902 956 99
19.5264923 956 99
19.5337028 956 99
19.5409156 956 99
19.5481283 956 99
19.5553391 956 99
19.5625361 956 99
19.5697320 956 99
19.5769160 956 99
19.5840897 956 99
19.5912844 956 99
19.5984704 956 99
19.6056857 956 99
19.6128861 956 99
19.6200923 956 99
19.6272832 956 99
19.6344907 956 99
19.6416747 956 99
19.6488881 956 99
19.6560846 956 99
19.6632867 956 99
19.6704405 956 99
19.6776411 956 99
19.6848259 956 99
19.6920379 956 99
19.6992502 956 99
19.7064314 956 99
19.7136125 956 99
19.7208252 956 99
19.7280403 956 99
19.7352221 956 99
19.7424314 956 99
19.7496573 956 99
19.7568515 956 99
19.7640417 956 99
19.7712545 956 99
19.7784556 956 99
19.7856762 956 99
19.7928989 956 99
19.8001116 956 99
19.8073188 956 99
19.8145134 956 99
19.8217065 956 99
19.8288967 956 99
19.8360993 956 99
19.8432903 956 99
19.8504876 956 99
19.8576790 956 99
19.8648837 956 99
19.8720804 956 99
19.8792848 956 99
19.8864720 956 99
19.8936658 956 99
19.9008732 956 99
19.9080606 956 99
19.9152505 956 99
19.9224327 956 99
19.9296288 956 99
19.9368290 956 99
19.9440413 956 99
19.9512491 956 99
19.9584533 956 99
19.9656589 956 99
19.9728626 956 99
19.9800582 956 99
19.9872620 956 99
19.9944955 956 99
20.0016822 956 99
20.0088735 956 99
20.0160752 956 99
20.0232725 956 99
20.0304876 956 99
20.0376758 956 99
20.0448764 956 99
20.0520715 956 99
20.0592648 956 99
20.0664840 956 99
20.0736523 956 99
20.0808270 956 99
20.0880339 956 99
20.0952514 956 99
20.1024399 956 99
20.1096336 956 99
20.1168327 956 99
20.1240318 956 99
20.1312337 956 99
20.1384396 956 99
20.1456430 956 99
20.1528367 956 99
20.1600306 956 99
20.1672460 956 99
20.1744470 956 99
20.1816598 956 99
20.1888718 956 99
20.1960565 956 99
20.2032608 956 99
20.2104608 956 99
20.2176728 956 99
20.2248652 956 99
20.2320604 956 99
20.2392625 956 99
20.2464709 956 99
20.2536726 956 99
20.2608838 956 99
20.2680908 956 99
20.2752980 956 99
20.2824986 956 99
20.2896930 956 99
20.2969020 956 99
20.3040749 956 99
20.3112677 956 99
20.3184808 956 99
20.3256610 956 99
20.3328482 956 99
20.3400436 956 99
20.3472696 956 99
20.3544789 956 99
20.3617053 956 99
20.3688954 956 99
20.3761084 956 99
20.3833134 956 99
20.3905129 956 99
20.3977134 956 99
20.4049169 956 99
20.4121357 956 99
20.4193340 956 99
20.4265455 956 100
20.4337707 956 100
20.4409731 956 100
20.4481689 956 100
20.4553747 956 100
20.4625848 956 100
20.4697865 956 100
20.4769721 956 100
20.4841694 956 100
20.4913528 956 100
20.4985487 956 100
20.5057287 956 100
20.5129277 956 100
20.5201332 956 100
20.5273578 956 100
20.5345733 956 100
20.5417984 956 100
20.5490125 956 100
20.5562148 956 100
20.5634074 956 100
20.5706033 956 100
20.5778052 956 100
20.5849855 956 100
20.5921727 956 100
20.5993772 956 100
20.6065691 956 100
20.6137559 956 100
20.6209639 956 100
20.6281609 956 100
20.6353545 956 100
20.6425570 956 100
20.6497508 956 100
20.6569583 956 100
20.6641710 956 100
20.6713508 956 100
20.6785590 956 100
20.6857443 956 100
20.6929359 956 100
20.7001519 956 100
20.7073406 956 100
20.7145181 956 100
20.7217096 956 100
20.7288933 956 100
20.7360859 956 100
20.7432892 956 100
20.7505004 956 100
20.7577236 956 100
20.7649247 956 100
20.7721126 956 100
20.7793311 956 100
20.7865277 956 100
20.7937378 956 100
20.8009380 956 100
20.8081361 956 100
20.8153325 956 100
20.8225202 956 100
20.8297156 956 100
20.8368982 956 100
20.8441171 956 100
20.8513191 956 100
20.8585167 956 100
20.8657323 956 100
20.8729246 956 100
20.8801134 956 100
20.8872979 956 100
20.8944895 956 100
20.9016822 956 100
20.9089127 956 100
20.9161090 956 100
20.9232947 956 100
20.9304979 956 100
20.9377056 956 100
20.9448959 956 100
20.9520732 956 100
20.9592733 956 100
20.9664546 956 100
20.9736476 956 100
20.9808424 956 100
20.9880344 956 100
20.9952269 956 100
21.0024335 956 100
21.0096305 956 100
21.0168437 956 100
21.0240271 956 100
21.0312374 956 100
21.0384348 956 100
21.0456485 956 100
21.0528347 956 100
21.0600387 956 100
21.0672481 956 100
21.0744486 956 100
21.0816352 956 100
21.0888398 956 100
21.0960255 956 100
21.1032147 956 100
21.1104176 956 100
21.1176182 956 100
21.1247878 956 100
21.1319796 956 100
21.1391693 956 100
21.1463712 956 100
21.1535894 956 100
21.1608143 956 100
21.1679940 956 100
21.1752129 956 100
21.1824275 956 100
21.1896231 956 100
21.1968245 956 100
21.2040323 956 100
21.2112556 956 100
21.2184539 956 100
21.2256615 956 100
21.2328651 956 100
21.2400602 956 100
21.2472555 956 100
21.2544510 956 100
21.2616403 956 100
21.2688526 956 100
21.2760653 956 100
21.2832901 956 100
21.2904791 956 100
21.2977046 956 100
21.3049002 956 100
21.3120816 956 100
21.3192763 956 100
21.3264691 956 100
21.3336408 956 100
21.3408422 956 100
21.3480287 956 100
21.3552369 956 100
21.3624298 956 100
21.3696003 956 100
21.3767837 956 100
21.3840056 956 100
21.3911877 956 100
21.3983886 956 100
21.4055696 956 100
21.4127547 956 100
21.4199655 956 100
21.4271769 956 100
21.4343571 956 100
21.4415582 956 100
21.4487571 956 100
21.4559596 956 100
21.4631483 956 100
21.4703576 956 100
21.4775670 956 100
21.4847612 956 100
21.4919760 956 100
21.4991626 956 100
21.5063690 956 100
21.5135610 956 100
21.5207522 956 100
21.5279341 956 100
21.5351347 956 100
21.5423307 956 100
21.5495220 956 100
21.5567478 956 100
21.5639527 956 100
21.5711609 956 100
21.5783753 956 100
21.5855802 956 100
21.5927590 956 100
21.5999581 956 100
21.6071514 956 100
21.6143564 956 100
21.6215733 956 100
21.6287587 956 100
21.6359685 956 100
21.6432019 956 100
21.6504113 956 100
21.6575972 956 100
21.6647862 956 100
21.6719971 956 100
21.6791976 956 100
21.6864105 956 100
21.6936159 956 100
21.7008270 956 100
21.7080163 956 100
21.7152172 956 100
21.7224400 956 100
21.7296233 956 100
21.7368222 956 100
21.7440150 956 100
21.7512022 956 100
21.7583859 956 100
21.7655865 956 100
21.7727910 956 100
21.7800003 956 100
21.7872148 956 100
21.7944136 956 100
21.8015784 956 100
21.8087719 956 100
21.8159501 956 100
21.8231509 956 100
21.8303447 956 100
21.8375416 956 100
21.8447418 956 100
21.8519479 956 100
21.8591529 956 100
21.8663617 956 100
21.8735888 956 100
21.8808044 956 100
21.8879935 956 100
21.8952025 956 100
21.9023774 956 100
21.9095836 956 100
21.9167650 956 100
21.9239523 956 100
21.9311341 956 100
21.9383107 956 100
21.9455099 956 100
21.9527111 956 100
21.9599035 956 100
21.9670990 956 100
21.9743293 956 100
21.9815252 956 100
21.9887155 956 100
21.9958878 956 100
22.0030808 956 100
22.0102949 956 100
22.0174932 956 100
22.0246860 956 100
22.0318889 956 100
22.0390823 956 100
22.0462915 956 100
22.0535032 956 100
22.0606871 956 100
22.0678864 956 100
22.0750929 956 100
22.0822880 956 100
22.0894865 956 100
22.0967069 956 100
22.1038896 956 100
22.1110798 956 100
22.1182728 956 100
22.1254821 956 100
22.1326794 956 100
22.1398846 956 100
22.1470875 956 100
22.1542822 956 100
22.1614889 956 100
22.1687139 956 100
22.1759261 956 100
22.1831330 956 100
22.1903140 956 100
22.1975164 956 100
22.2046934 956 100
22.2119055 956 100
22.2190869 956 100
22.2262771 956 100
22.2334758 956 100
22.2406794 956 100
22.2478705 956 100
22.2550797 956 100
22.2622757 956 100
22.2694527 956 100
22.2766591 956 100
22.2838743 956 100
22.2910776 956 100
22.2983004 956 100
22.3054848 956 100
22.3126786 956 100
22.3198892 956 100
22.3270874 956 100
22.3342896 956 100
22.3414955 956 100
22.3487247 956 100
22.3559119 956 100
22.3630997 956 100
22.3703126 956 100
22.3774988 956 100
22.3846886 956 100
22.3918834 956 100
22.3990915 956 100
22.4062783 956 100
22.4134912 956 100
22.4206931 956 100
22.4278985 956 100
22.4351078 956 100
22.4423086 956 100
22.4495092 956 100
22.4567160 956 100
22.4639247 956 100
22.4711327 956 100
22.4783311 956 100
22.4855255 956 100
22.4927418 956 100
22.4999351 956 100
22.5071356 956 100
22.5143253 956 100
22.5215220 956 100
22.5287383 956 100
22.5359375 956 100
22.5431473 956 100
22.5503475 956 100
22.5575504 956 100
22.5647445 956 100
22.5719558 956 100
22.5791697 956 100
22.5863704 956 100
22.5935950 956 100
22.6008276 956 100
22.6080270 956 100
22.6152451 956 100
22.6224320 956 100
22.6296416 956 100
22.6368405 956 100
22.6440400 956 100
22.6512042 956 100
22.6584002 956 100
22.6656026 956 100
22.6728152 956 100
22.6800175 956 100
22.6872138 956 100
22.6944131 956 100
22.7016033 956 100
22.7088120 956 100
22.7159948 956 100
22.7232104 956 100
22.7303926 956 100
22.7375755 956 100
22.7447811 956 100
22.7519953 956 100
22.7591757 956 100
22.7663806 956 100
22.7735720 956 100
22.7807790 956 100
22.7879622 956 100
22.7951609 956 100
22.8023648 956 100
22.8095724 956 100
22.8167795 956 100
22.8239680 956 100
22.8311803 956 100
22.8383854 956 100
22.8455919 956 100
22.8528096 956 100
22.8600173 956 100
22.8672188 956 100
22.8743945 956 100
22.8815953 956 100
22.8887828 956 100
22.8959941 956 100
22.9031983 956 100
22.9104027 956 100
22.9175914 956 100
22.9248058 956 100
22.9319960 956 100
22.9392117 956 100
22.9464173 956 100
22.9536358 956 100
22.9608204 956 100
22.9680192 956 100
22.9752015 956 100
22.9824116 956 100
22.9896446 956 100
22.9968647 956 100
23.0040603 956 100
23.0112690 956 100
23.0184686 956 100
23.0256561 956 100
23.0328486 956 100
23.0400311 956 100
23.0472470 956 100
23.0544746 956 100
23.0616871 956 100
23.0688985 956 100
23.0761092 956 100
23.0832988 956 100
23.0904754 956 100
23.0976848 956 100
23.1048735 956 100
23.1120659 956 100
23.1192615 956 100
23.1264544 956 100
23.1336494 956 100
23.1408558 956 100
23.1480564 956 100
23.1552777 956 100
23.1624919 956 100
23.1696957 956 100
23.1768750 956 100
23.1840620 956 100
23.1912633 956 100
23.1984468 956 100
23.2056277 956 100
23.2128074 956 100
23.2200099 956 100
23.2272036 956 100
23.2343951 956 100
23.2415913 956 100
23.2487679 956 100
23.2559638 956 100
23.2631719 956 100
23.2703587 956 100
23.2775806 956 100
23.2847870 956 100
23.2920083 956 100
23.2991872 956 100
23.3064031 956 100
23.3136039 956 100
23.3208009 956 100
23.3280076 956 100
23.3352133 956 100
23.3424149 956 100
23.3496032 956 100
23.3567989 956 100
23.3640092 956 100
23.3712110 956 100
23.3784119 956 100
23.3856290 956 100
23.3928432 956 100
23.4000400 956 100
23.4072641 956 100
23.4144718 956 100
23.4216991 956 100
23.4288984 956 100
23.4360824 956 100
23.4432852 956 100
23.4504928 956 100
23.4576837 956 100
23.4648953 956 100
23.4721137 956 100
23.4792878 956 100
23.4864603 956 100
23.4936795 956 100
23.5008774 956 100
23.5080720 956 100
23.5152845 956 100
23.5224663 956 100
23.5296608 956 100
23.5368788 956 100
23.5440704 956 100
23.5512913 956 100
23.5584801 956 100
23.5656886 956 100
23.5728837 956 100
23.5800870 956 100
23.5872716 956 100
23.5944763 956 100
23.6016862 956 100
23.6088853 956 100
23.6160885 956 100
23.6232958 956 100
23.6304862 956 100
23.6377022 956 100
23.6448949 956 100
23.6520727 956 100
23.6592790 956 100
23.6664841 956 100
23.6736903 956 100
23.6808880 956 100
23.6880797 956 100
23.6952825 956 100
23.7024903 956 100
23.7096762 956 100
23.7168696 956 100
23.7240667 956 100
23.7312522 956 100
23.7384426 956 100
23.7456389 956 100
23.7528432 956 100
23.7600409 956 100
23.7672496 956 100
23.7744757 956 100
23.7816755 956 100
23.7888861 956 100
23.7960848 956 100
23.8032921 956 100
23.8104987 956 100
23.8177098 956 100
23.8249163 956 100
23.8321198 956 100
23.8393157 956 100
23.8465253 956 100
23.8537199 956 100
23.8609311 956 100
23.8681087 956 100
23.8753118 956 100
23.8825144 956 100
23.8897029 956 100
23.8969063 956 100
23.9040800 956 100
23.9112710 956 100
23.9184639 956 100
23.9256672 956 100
23.9328881 956 100
23.9401063 956 100
23.9473066 956 100
23.9545120 956 100
23.9617197 956 100
23.9689147 956 100
23.9761069 956 100
23.9832996 956 100
23.9905083 956 100
23.9977223 956 100
24.0000000 956 100
