objdump
0.0000522 256
0.0072608 1203 39
0.0144065 1209 39
0.0216078 1215 40
0.0287969 1220 41
0.0360047 1226 41
0.0432204 1232 41
0.0504448 1237 42
0.0576625 1243 42
0.0648592 1248 42
0.0720663 1253 42
0.0792480 1259 42
0.0864409 1264 43
0.0936551 1269 43
0.1008694 1275 43
0.1080794 1280 43
0.1152895 1285 44
0.1224891 1290 44
0.1296815 1295 45
0.1368806 1300 45
0.1441093 1305 45
0.1513052 1310 45
0.1585226 1315 46
0.1657205 1320 47
0.1729318 1325 47
0.1801296 1330 48
0.1873192 1335 49
0.1945137 1339 49
0.2017221 1344 51
0.2089436 1349 51
0.2161674 1354 51
0.2233896 1358 51
0.2305816 1363 51
0.2377906 1367 52
0.2449803 1372 52
0.2521767 1377 54
0.2593838 1381 56
0.2665827 1385 56
0.2737742 1390 57
0.2809761 1394 58
0.2881912 1399 58
0.2953925 1403 59
0.3025905 1407 59
0.3098052 1411 60
0.3170071 1416 60
0.3242010 1420 60
0.3314097 1424 60
0.3386072 1428 60
0.3457921 1432 60
0.3530016 1436 61
0.3602122 1440 62
0.3674232 1444 62
0.3746120 1448 62
0.3818051 1452 62
0.3890085 1456 62
0.3962219 1460 64
0.4034207 1464 64
0.4106107 1468 64
0.4178318 1472 64
0.4250434 1475 64
0.4322370 1479 65
0.4394406 1483 65
0.4466142 1487 65
0.4537987 1490 65
0.4609890 1494 65
0.4681714 1498 65
0.4754003 1501 67
0.4826074 1505 67
0.4897921 1508 67
0.4969941 1512 67
0.5042032 1515 68
0.5113857 1519 68
0.5185819 1522 68
0.5257575 1526 68
0.5329636 1529 68
0.5401603 1533 68
0.5473457 1536 68
0.5545452 1539 69
0.5617639 1543 69
0.5689787 1546 70
0.5761723 1549 70
0.5833558 1552 70
0.5905753 1556 70
0.5977880 1559 70
0.6049845 1562 70
0.6122058 1565 70
0.6194117 1568 71
0.6266307 1571 71
0.6338274 1574 71
0.6410364 1577 71
0.6482255 1580 71
0.6554232 1583 71
0.6626327 1586 71
0.6698488 1589 71
0.6770329 1592 71
0.6842279 1595 72
0.6914284 1598 72
0.6986087 1601 72
0.7058355 1604 72
0.7130476 1607 72
0.7202660 1610 72
0.7274690 1612 72
0.7346676 1615 73
0.7418630 1618 73
0.7490654 1621 73
0.7562503 1623 73
0.7634592 1626 73
0.7706710 1629 73
0.7778698 1631 73
0.7850512 1634 73
0.7922359 1637 73
0.7994520 1639 73
0.8066770 1642 73
0.8138839 1644 73
0.8210813 1647 73
0.8282484 1650 73
0.8354489 1652 73
0.8426281 1655 73
0.8498176 1657 73
0.8570180 1659 73
0.8642010 1662 73
0.8714069 1664 73
0.8786094 1667 73
0.8858117 1669 73
0.8930064 1672 73
0.9002104 1674 73
0.9074246 1676 73
0.9146224 1679 73
0.9218439 1681 73
0.9290483 1683 73
0.9362522 1685 73
0.9434679 1688 73
0.9506627 1690 73
0.9578831 1692 73
0.9650830 1694 73
0.9722948 1697 73
0.9795008 1699 73
0.9866947 1701 73
0.9938778 1703 73
1.0010899 1705 73
1.0082853 1707 73
1.0154904 1709 73
1.0226618 1711 73
1.0298633 1714 73
1.0370861 1716 73
1.0442767 1718 73
1.0514869 1720 73
1.0587018 1722 73
1.0658893 1724 73
1.0730926 1726 73
1.0802957 1728 73
1.0875068 1730 73
1.0947096 1732 73
1.1019036 1733 73
1.1091239 1735 73
1.1163245 1737 73
1.1235328 1739 73
1.1307188 1741 73
1.1379237 1743 73
1.1451124 1745 73
1.1523309 1747 73
1.1595423 1748 73
1.1667384 1750 73
1.1739335 1752 73
1.1811357 1754 73
1.1883510 1756 73
1.1955591 1757 73
1.2027741 1759 73
1.2099611 1761 73
1.2171572 1762 73
1.2243415 1764 73
1.2315298 1766 73
1.2387325 1768 73
1.2459421 1769 73
1.2531248 1771 74
1.2603077 1772 74
1.2675037 1774 74
1.2747056 1776 74
1.2819104 1777 74
1.2891203 1779 74
1.2963186 1781 74
1.3035085 1782 74
1.3107089 1784 74
1.3178849 1785 74
1.3251019 1787 74
1.3323089 1788 74
1.3395069 1790 74
1.3467011 1791 74
1.3538968 1793 74
1.3611062 1794 74
1.3683096 1796 74
1.3755192 1797 74
1.3827320 1799 74
1.3899396 1800 74
1.3971430 1802 74
1.4043431 1803 74
1.4115529 1804 74
1.4187415 1806 74
1.4259426 1807 74
1.4331476 1809 74
1.4403599 1810 74
1.4475484 1811 74
1.4547557 1813 74
1.4619764 1814 74
1.4691736 1815 74
1.4763895 1817 74
1.4835901 1818 74
1.4907823 1819 74
1.4979708 1821 74
1.5051768 1822 74
1.5123742 1823 74
1.5195605 1824 74
1.5267575 1826 74
1.5339665 1827 74
1.5411725 1828 74
1.5483814 1829 74
1.5555883 1831 74
1.5627644 1832 74
1.5699751 1833 74
1.5771728 1834 74
1.5843755 1835 74
1.5915644 1837 74
1.5987612 1838 74
1.6059691 1839 74
1.6131660 1840 74
1.6203717 1841 74
1.6275753 1842 74
1.6347925 1844 74
1.6419748 1845 74
1.6491632 1846 74
1.6563507 1847 74
1.6635335 1848 74
1.6707376 1849 74
1.6779376 1850 74
1.6851291 1851 74
1.6923225 1852 74
1.6995270 1853 74
1.7067033 1854 74
1.7138953 1855 74
1.7211161 1856 74
1.7283132 1858 74
1.7355158 1859 74
1.7427178 1860 74
1.7499288 1861 74
1.7571335 1862 74
1.7643397 1863 74
1.7715351 1864 74
1.7787596 1865 74
1.7859681 1866 74
1.7931657 1866 74
1.8003686 1867 74
1.8075696 1868 74
1.8147953 1869 74
1.8219834 1870 74
1.8291799 1871 74
1.8364117 1872 74
1.8436131 1873 74
1.8508256 1874 74
1.8580270 1875 74
1.8652257 1876 74
1.8723932 1877 74
1.8795919 1878 74
1.8867943 1878 74
1.8939985 1879 74
1.9012093 1880 74
1.9084193 1881 74
1.9156239 1882 74
1.9228346 1883 74
1.9300405 1884 74
1.9372345 1884 74
1.9444232 1885 74
1.9516054 1886 74
1.9588138 1887 74
1.9660079 1888 74
1.9732009 1888 74
1.9804093 1889 75
1.9876373 1890 75
1.9948288 1891 75
2.0020306 1892 75
2.0092323 1892 75
2.0164364 1893 75
2.0236372 1894 75
2.0308317 1895 75
2.0380136 1895 75
2.0452007 1896 75
2.0523992 1897 75
2.0595928 1898 76
2.0667944 1898 76
2.0740063 1899 76
2.0811741 1900 76
2.0883669 1901 77
2.0955603 1901 77
2.1027521 1902 77
2.1099813 1903 77
2.1171877 1903 77
2.1243944 1904 77
2.1315937 1905 77
2.1387866 1905 77
2.1459948 1906 77
2.1531987 1907 77
2.1604000 1908 77
2.1676219 1908 77
2.1748370 1909 77
2.1820350 1909 77
2.1892192 1910 77
2.1964200 1911 77
2.2036060 1911 78
2.2108263 1912 78
2.2180198 1913 78
2.2251962 1913 78
2.2323860 1914 78
2.2395555 1915 78
2.2467581 1915 78
2.2539655 1916 78
2.2611542 1916 78
2.2683506 1917 78
2.2755246 1918 78
2.2827079 1918 78
2.2898940 1919 78
2.2971082 1919 78
2.3042881 1920 78
2.3114804 1920 78
2.3186976 1921 78
2.3258852 1922 78
2.3330913 1922 78
2.3403001 1923 78
2.3474881 1923 78
2.3546729 1924 78
2.3618723 1924 78
2.3690541 1925 78
2.3762511 1925 78
2.3834684 1926 78
2.3906877 1927 78
2.3978835 1927 78
2.4050833 1928 78
2.4122749 1928 78
2.4194620 1929 78
2.4266621 1929 78
2.4338734 1930 78
2.4410758 1930 78
2.4482695 1931 78
2.4554412 1931 78
2.4626452 1932 78
2.4698338 1932 78
2.4770326 1933 78
2.4842378 1933 78
2.4914571 1934 78
2.4986553 1934 78
2.5058567 1935 78
2.5130675 1935 79
2.5202814 1935 79
2.5274556 1936 79
2.5346829 1936 79
2.5418877 1937 79
2.5490922 1937 79
2.5562983 1938 79
2.5634836 1938 79
2.5706629 1939 79
2.5778768 1939 79
2.5850674 1940 79
2.5922536 1940 79
2.5994467 1940 79
2.6066345 1941 79
2.6138482 1941 79
2.6210269 1942 79
2.6282153 1942 79
2.6354215 1942 79
2.6426392 1943 79
2.6498344 1943 79
2.6570101 1944 79
2.6642118 1944 79
2.6714148 1945 79
2.6786152 1945 79
2.6858060 1945 79
2.6930155 1946 79
2.7002329 1946 79
2.7074363 1946 79
2.7146493 1947 79
2.7218483 1947 79
2.7290451 1948 79
2.7362289 1948 79
2.7434436 1948 79
2.7506393 1949 79
2.7578398 1949 79
2.7650410 1949 79
2.7722237 1950 79
2.7794332 1950 79
2.7866200 1951 79
2.7938184 1951 79
2.8010288 1951 79
2.8082282 1952 79
2.8154502 1952 79
2.8226364 1952 79
2.8298404 1953 79
2.8370487 1953 79
2.8442263 1953 79
2.8514245 1954 79
2.8586171 1954 79
2.8658280 1954 79
2.8730186 1955 79
2.8802364 1955 79
2.8874325 1955 79
2.8946278 1956 79
2.9018191 1956 79
2.9090058 1956 79
2.9161861 1957 79
2.9233920 1957 79
2.9305910 1957 79
2.9377723 1957 79
2.9449777 1958 79
2.9521844 1958 79
2.9593826 1958 79
2.9665957 1959 79
2.9737795 1959 79
2.9809664 1959 79
2.9881600 1960 79
2.9953734 1960 79
3.0025698 1960 79
3.0097662 1960 79
3.0169891 1961 79
3.0241871 1961 79
3.0313970 1961 79
3.0385967 1962 79
3.0458006 1962 79
3.0530015 1962 79
3.0601833 1962 79
3.0673642 1963 79
3.0745655 1963 79
3.0817531 1963 79
3.0889671 1963 79
3.0961561 1964 79
3.1033745 1964 79
3.1105715 1964 79
3.1177616 1964 79
3.1249564 1965 79
3.1321434 1965 79
3.1393457 1965 79
3.1465503 1965 79
3.1537613 1966 79
3.1609772 1966 79
3.1681672 1966 79
3.1753665 1966 79
3.1825709 1967 79
3.1897951 1967 79
3.1969934 1967 79
3.2041962 1967 79
3.2114001 1968 79
3.2185752 1968 79
3.2257885 1968 79
3.2329895 1968 79
3.2401797 1969 79
3.2473855 1969 79
3.2546186 1969 79
3.2618219 1969 79
3.2690183 1969 79
3.2762150 1970 79
3.2834092 1970 79
3.2906356 1970 79
3.2978355 1970 79
3.3050337 1971 79
3.3122322 1971 79
3.3194303 1971 79
3.3266448 1971 79
3.3338467 1971 79
3.3410484 1972 79
3.3482555 1972 79
3.3554869 1972 79
3.3626952 1972 79
3.3698974 1972 79
3.3770964 1973 79
3.3842916 1973 79
3.3914957 1973 79
3.3986763 1973 79
3.4058665 1973 79
3.4130540 1974 79
3.4202321 1974 79
3.4274329 1974 79
3.4346169 1974 79
3.4418164 1974 79
3.4490177 1975 79
3.4562145 1975 79
3.4634088 1975 79
3.4706090 1975 79
3.4777786 1975 79
3.4849761 1975 79
3.4921487 1976 79
3.4993370 1976 79
3.5065346 1976 79
3.5137252 1976 79
3.5208840 1976 79
3.5281024 1976 79
3.5352905 1977 79
3.5425075 1977 79
3.5497009 1977 79
3.5568983 1977 79
3.5640954 1977 79
3.5712837 1977 79
3.5784930 1978 79
3.5856696 1978 79
3.5928801 1978 79
3.6000861 1978 79
3.6073034 1978 79
3.6144951 1978 79
3.6216796 1979 79
3.6288927 1979 79
3.6360841 1979 79
3.6433085 1979 79
3.6505205 1979 79
3.6577270 1979 79
3.6649191 1979 79
3.6721042 1980 79
3.6792836 1980 79
3.6864913 1980 79
3.6936823 1980 79
3.7008697 1980 79
3.7080623 1980 79
3.7152810 1980 79
3.7224866 1981 79
3.7296810 1981 79
3.7368800 1981 79
3.7440576 1981 79
3.7512611 1981 79
3.7584654 1981 79
3.7656810 1981 79
3.7728710 1982 79
3.7800808 1982 79
3.7872681 1982 79
3.7944709 1982 79
3.8016776 1982 79
3.8088769 1982 79
3.8160604 1982 79
3.8232472 1982 79
3.8304297 1983 79
3.8376198 1983 79
3.8448222 1983 79
3.8520223 1983 79
3.8592367 1983 79
3.8664267 1983 79
3.8736268 1983 79
3.8808115 1983 79
3.8880084 1984 79
3.8952006 1984 79
3.9024013 1984 79
3.9095945 1984 79
3.9167933 1984 79
3.9240131 1984 79
3.9311991 1984 79
3.9384065 1984 79
3.9456212 1985 79
3.9528481 1985 79
3.9600146 1985 79
3.9672265 1985 80
3.9744232 1985 80
3.9815958 1985 80
3.9887877 1985 80
3.9959960 1985 80
4.0031885 1985 80
4.0103848 1986 81
4.0175776 1986 81
4.0247551 1986 81
4.0319542 1986 81
4.0391570 1986 81
4.0463529 1986 81
4.0535445 1986 81
4.0607308 1986 81
4.0679282 1986 81
4.0751429 1986 81
4.0823635 1987 81
4.0895692 1987 81
4.0967819 1987 81
4.1039950 1987 81
4.1112022 1987 81
4.1184050 1987 81
4.1256303 1987 81
4.1328436 1987 81
4.1400464 1987 81
4.1472495 1987 81
4.1544519 1988 81
4.1616544 1988 82
4.1688367 1988 82
4.1760417 1988 82
4.1832248 1988 82
4.1904312 1988 82
4.1976490 1988 82
4.2048499 1988 82
4.2120596 1988 82
4.2192639 1988 82
4.2264695 1988 82
4.2336896 1989 82
4.2408968 1989 82
4.2480930 1989 82
4.2552706 1989 82
4.2624859 1989 82
4.2696680 1989 82
4.2768840 1989 82
4.2840720 1989 82
4.2912844 1989 82
4.2984989 1989 82
4.3057060 1989 82
4.3129135 1989 82
4.3201058 1990 82
4.3273052 1990 82
4.3344926 1990 82
4.3416944 1990 82
4.3488879 1990 82
4.3560687 1990 82
4.3632599 1990 83
4.3704921 1990 83
4.3776855 1990 83
4.3848816 1990 83
4.3920773 1990 83
4.3992914 1990 83
4.4065170 1990 83
4.4137057 1991 83
4.4208999 1991 83
4.4280838 1991 83
4.4353019 1991 83
4.4425176 1991 83
4.4497057 1991 83
4.4569059 1991 83
4.4641040 1991 83
4.4712813 1991 83
4.4784865 1991 83
4.4857052 1991 83
4.4928875 1991 83
4.5000971 1991 83
4.5073165 1991 83
4.5145035 1992 83
4.5217101 1992 83
4.5289086 1992 83
4.5361029 1992 83
4.5432961 1992 83
4.5505001 1992 83
4.5577002 1992 83
4.5648865 1992 83
4.5721097 1992 83
4.5793059 1992 83
4.5864926 1992 83
4.5937074 1992 83
4.6009039 1992 83
4.6080874 1992 83
4.6152798 1992 83
4.6224702 1993 83
4.6296579 1993 83
4.6368436 1993 83
4.6440307 1993 83
4.6512184 1993 83
4.6583928 1993 83
4.6655539 1993 83
4.6727293 1993 83
4.6799287 1993 83
4.6871221 1993 83
4.6943087 1993 83
4.7015125 1993 83
4.7087064 1993 83
4.7158958 1993 83
4.7231047 1993 83
4.7303018 1993 83
4.7374942 1994 83
4.7446983 1994 83
4.7518974 1994 83
4.7590872 1994 83
4.7663087 1994 83
4.7735036 1994 83
4.7806936 1994 83
4.7878569 1994 83
4.7950586 1994 83
4.8022535 1994 83
4.8094624 1994 83
4.8166575 1994 83
4.8238656 1994 83
4.8310822 1994 83
4.8382776 1994 83
4.8454702 1994 84
4.8526703 1994 84
4.8598712 1994 84
4.8670798 1995 84
4.8742684 1995 84
4.8814884 1995 84
4.8886928 1995 84
4.8959037 1995 84
4.9031079 1995 84
4.9103187 1995 84
4.9175219 1995 84
4.9247101 1995 84
4.9319120 1995 84
4.9391132 1995 84
4.9463237 1995 84
4.9535348 1995 84
4.9607293 1995 84
4.9679521 1995 84
4.9751394 1995 84
4.9823326 1995 84
4.9895223 1995 84
4.9967374 1995 84
5.0039445 1995 84
5.0111357 1996 84
5.0183115 1996 84
5.0255039 1996 84
5.0327091 1996 84
5.0399044 1996 84
5.0470845 1996 84
5.0542832 1996 84
5.0614918 1996 84
5.0686586 1996 84
5.0758533 1996 84
5.0830370 1996 84
5.0902453 1996 84
5.0974460 1996 84
5.1046536 1996 84
5.1118586 1996 84
5.1190625 1996 84
5.1262492 1996 84
5.1334519 1996 84
5.1406486 1996 84
5.1478502 1996 84
5.1550498 1996 84
5.1622512 1996 84
5.1694364 1997 84
5.1766333 1997 84
5.1838429 1997 84
5.1910490 1997 84
5.1982419 1997 84
5.2054431 1997 84
5.2126586 1997 84
5.2198611 1997 84
5.2270774 1997 84
5.2343146 1997 84
5.2414848 1997 84
5.2486655 1997 84
5.2558629 1997 84
5.2630538 1997 84
5.2702632 1997 84
5.2774851 1997 84
5.2846889 1997 84
5.2918850 1997 84
5.2990798 1997 84
5.3063000 1997 84
5.3135097 1997 84
5.3207042 1997 84
5.3279155 1997 84
5.3350963 1997 84
5.3422955 1997 84
5.3494831 1998 84
5.3566688 1998 84
5.3638664 1998 84
5.3710729 1998 84
5.3782909 1998 84
5.3854981 1998 84
5.3926984 1998 84
5.3998859 1998 84
5.4070971 1998 84
5.4143089 1998 84
5.4215177 1998 84
5.4287216 1998 84
5.4359279 1998 84
5.4431102 1998 84
5.4503181 1998 84
5.4575060 1998 84
5.4647033 1998 84
5.4718860 1998 84
5.4790832 1998 84
5.4862835 1998 84
5.4934992 1998 84
5.5007144 1998 84
5.5079079 1998 84
5.5150981 1998 84
5.5222845 1998 84
5.5294795 1998 84
5.5366936 1998 84
5.5438868 1999 84
5.5511003 1999 84
5.5583123 1999 84
5.5655362 1999 84
5.5727392 1999 84
5.5799473 1999 84
5.5871619 1999 84
5.5943745 1999 84
5.6015992 1999 84
5.6088183 1999 84
5.6160075 1999 84
5.6231986 1999 84
5.6303729 1999 84
5.6375913 1999 84
5.6447930 1999 84
5.6519964 1999 84
5.6592040 1999 84
5.6663940 1999 84
5.6735769 1999 84
5.6807817 1999 84
5.6879893 1999 84
5.6952145 1999 84
5.7024168 1999 84
5.7095969 1999 84
5.7167971 1999 84
5.7239808 1999 84
5.7311795 1999 84
5.7383745 1999 84
5.7455828 1999 84
5.7527973 1999 84
5.7599988 1999 84
5.7671963 2000 84
5.7744016 2000 84
5.7815961 2000 84
5.7888036 2000 84
5.7959967 2000 84
5.8031814 2000 84
5.8103647 2000 84
5.8175787 2000 84
5.8247821 2000 84
5.8320001 2000 84
5.8391811 2000 84
5.8463767 2000 85
5.8535879 2000 85
5.8607695 2000 85
5.8679695 2000 85
5.8751666 2000 85
5.8823626 2000 85
5.8895487 2000 85
5.8967384 2000 85
5.9039142 2000 85
5.9110917 2000 85
5.9182970 2000 85
5.9254950 2000 85
5.9326952 2000 85
5.9398760 2000 85
5.9470708 2000 85
5.9542933 2000 85
5.9614923 2000 85
5.9686878 2000 85
5.9758807 2000 85
5.9830730 2000 85
5.9902478 2000 85
5.9974620 2000 85
6.0046409 2000 85
6.0118214 2000 85
6.0190286 2001 85
6.0262137 2001 85
6.0334155 2001 85
6.0406232 2001 85
6.0478278 2001 85
6.0550133 2001 85
6.0622089 2001 85
6.0694201 2001 85
6.0766326 2001 85
6.0838240 2001 85
6.0910191 2001 85
6.0982303 2001 85
6.1054018 2001 85
6.1126085 2001 85
6.1198324 2001 85
6.1270120 2001 85
6.1342123 2001 85
6.1414201 2001 85
6.1486183 2001 85
6.1558274 2001 85
6.1630445 2001 85
6.1702550 2001 85
6.1774481 2001 85
6.1846295 2001 85
6.1918513 2001 85
6.1990751 2001 85
6.2062741 2001 85
6.2134411 2001 85
6.2206262 2001 85
6.2278198 2001 85
6.2350465 2001 85
6.2422663 2001 85
6.2494470 2001 85
6.2566407 2001 85
6.2638252 2002 85
6.2710271 2002 85
6.2782087 2002 85
6.2854016 2002 85
6.2925948 2002 85
6.2998047 2002 85
6.3070074 2002 85
6.3142080 2002 85
6.3213853 2002 85
6.3285937 2002 85
6.3357789 2002 85
6.3429695 2002 85
6.3501569 2002 85
6.3573567 2002 85
6.3645502 2002 85
6.3717621 2002 85
6.3789529 2002 85
6.3861734 2002 85
6.3933558 2002 85
6.4005700 2002 85
6.4077941 2002 85
6.4150064 2002 85
6.4222063 2002 85
6.4294039 2002 85
6.4366060 2002 85
6.4438113 2002 85
6.4510106 2002 85
6.4582299 2002 85
6.4654332 2002 85
6.4726389 2002 85
6.4798358 2002 85
6.4870244 2002 85
6.4942577 2002 85
6.5014465 2002 85
6.5086490 2002 85
6.5158219 2003 85
6.5230176 2003 85
6.5302144 2003 85
6.5374174 2003 85
6.5446117 2003 85
6.5517991 2003 85
6.5590037 2003 85
6.5662249 2003 85
6.5734196 2003 85
6.5806008 2003 85
6.5878127 2003 85
6.5950045 2003 85
6.6022163 2003 85
6.6094350 2003 85
6.6166329 2003 85
6.6238237 2003 85
6.6310129 2003 85
6.6382243 2003 85
6.6454247 2003 85
6.6526387 2003 85
6.6598514 2003 85
6.6670612 2003 85
6.6742487 2003 85
6.6814457 2003 85
6.6886316 2003 85
6.6958322 2003 85
6.7030404 2003 85
6.7102245 2003 85
6.7174254 2003 85
6.7246263 2003 85
6.7318356 2003 85
6.7390427 2003 85
6.7462459 2003 85
6.7534332 2003 85
6.7606337 2003 85
6.7678588 2004 85
6.7750378 2004 85
6.7822383 2004 85
6.7894433 2004 85
6.7966663 2004 85
6.8038700 2004 85
6.8110606 2004 85
6.8182527 2004 85
6.8254506 2004 85
6.8326634 2004 85
6.8398527 2004 85
6.8470475 2004 85
6.8542453 2004 85
6.8614552 2004 85
6.8686433 2004 85
6.8758299 2004 85
6.8830186 2004 85
6.8902204 2004 85
6.8974206 2004 85
6.9046160 2004 85
6.9118242 2004 85
6.9190321 2004 85
6.9262453 2004 85
6.9334495 2004 85
6.9406376 2004 85
6.9478617 2004 85
6.9550670 2004 85
6.9622734 2004 85
6.9694645 2004 85
6.9766485 2004 85
6.9838394 2004 85
6.9910385 2004 85
6.9982484 2004 85
7.0054440 2004 85
7.0126369 2004 85
7.0198425 2005 85
7.0270277 2005 85
7.0342383 2005 85
7.0414403 2005 85
7.0486235 2005 85
7.0558372 2005 85
7.0630446 2005 85
7.0702707 2005 85
7.0774651 2005 85
7.0846596 2005 85
7.0918796 2005 85
7.0990670 2005 85
7.1062608 2005 85
7.1134616 2005 85
7.1206667 2005 85
7.1278664 2005 85
7.1350662 2005 85
7.1422580 2005 85
7.1494495 2005 85
7.1566431 2005 85
7.1638376 2005 85
7.1710172 2005 85
7.1782057 2005 85
7.1854055 2005 85
7.1926117 2005 85
7.1998260 2005 85
7.2070090 2005 85
7.2142038 2005 85
7.2214205 2005 85
7.2286038 2005 85
7.2357962 2005 85
7.2429848 2005 85
7.2501769 2005 85
7.2573938 2005 85
7.2645872 2006 85
7.2717916 2006 85
7.2789994 2006 85
7.2861929 2006 85
7.2933723 2006 85
7.3005771 2006 85
7.3077837 2006 85
7.3149884 2006 85
7.3221926 2006 85
7.3294049 2006 85
7.3366029 2006 85
7.3438281 2006 85
7.3510348 2006 85
7.3582460 2006 85
7.3654583 2006 85
7.3726441 2006 85
7.3798532 2006 85
7.3870491 2006 85
7.3942505 2006 85
7.4014537 2006 85
7.4086354 2006 85
7.4158301 2006 85
7.4230424 2006 85
7.4302553 2006 85
7.4374588 2006 85
7.4446183 2006 85
7.4518200 2006 85
7.4590122 2006 85
7.4662202 2006 85
7.4734425 2006 85
7.4806414 2006 85
7.4878344 2006 85
7.4950348 2006 85
7.5022394 2006 85
7.5094252 2006 85
7.5166086 2007 85
7.5238007 2007 85
7.5310057 2007 85
7.5382094 2007 85
7.5454142 2007 85
7.5526021 2007 85
7.5597951 2007 85
7.5670046 2007 85
7.5741977 2007 85
7.5813894 2007 85
7.5885924 2007 85
7.5958103 2007 85
7.6030145 2007 85
7.6102117 2007 85
7.6174028 2007 85
7.6246104 2007 85
7.6317981 2007 85
7.6389847 2007 85
7.6461891 2007 85
7.6533938 2007 85
7.6605877 2007 85
7.6677865 2007 85
7.6749790 2007 85
7.6821820 2007 85
7.6893937 2007 85
7.6965903 2007 85
7.7037803 2007 85
7.7109794 2007 85
7.7181829 2007 85
7.7254033 2007 85
7.7326042 2007 85
7.7398255 2007 85
7.7470190 2007 85
7.7542158 2007 85
7.7614212 2007 85
7.7686179 2008 85
7.7758284 2008 85
7.7830307 2008 85
7.7902358 2008 85
7.7974511 2008 85
7.8046393 2008 85
7.8118510 2008 85
7.8190464 2008 85
7.8262361 2008 85
7.8334346 2008 85
7.8406525 2008 85
7.8478470 2008 85
7.8550316 2008 85
7.8622340 2008 85
7.8694277 2008 85
7.8766304 2008 85
7.8838117 2008 85
7.8910208 2008 85
7.8982248 2008 85
7.9054310 2008 85
7.9126305 2008 85
7.9198493 2008 85
7.9270483 2008 85
7.9342460 2008 85
7.9414686 2008 85
7.9486571 2008 85
7.9558708 2008 85
7.9630627 2008 85
7.9702759 2008 85
7.9774568 2008 85
7.9846605 2008 85
7.9918639 2008 85
7.9990729 2008 85
8.0062673 2008 85
8.0134709 2008 85
8.0206858 2009 85
8.0278945 2009 85
8.0350810 2009 85
8.0422888 2009 85
8.0495066 2009 85
8.0567007 2009 85
8.0639053 2009 85
8.0710819 2009 85
8.0782783 2009 85
8.0854740 2009 85
8.0926648 2009 85
8.0998484 2009 85
8.1070402 2009 85
8.1142300 2009 85
8.1214322 2009 85
8.1286456 2009 85
8.1358457 2009 85
8.1430296 2009 85
8.1502313 2009 85
8.1574286 2009 85
8.1646443 2009 85
8.1718491 2009 85
8.1790444 2009 85
8.1862619 2009 85
8.1934677 2009 85
8.2006876 2009 85
8.2078834 2009 86
8.2150519 2009 86
8.2222217 2009 86
8.2294264 2009 86
8.2366320 2009 86
8.2438215 2009 86
8.2510200 2009 86
8.2582146 2009 86
8.2654283 2009 86
8.2726334 2010 86
8.2798405 2010 86
8.2870323 2010 86
8.2942434 2010 86
8.3014327 2010 86
8.3086131 2010 86
8.3158036 2010 86
8.3230203 2010 86
8.3302238 2010 86
8.3374148 2010 86
8.3446109 2010 86
8.3518105 2010 86
8.3590042 2010 86
8.3661968 2010 86
8.3733843 2010 86
8.3805774 2010 86
8.3877868 2010 86
8.3949840 2010 86
8.4021934 2010 86
8.4093891 2010 86
8.4166012 2010 86
8.4238078 2010 86
8.4310161 2010 86
8.4381920 2010 86
8.4453897 2010 86
8.4526025 2010 86
8.4597914 2010 86
8.4669932 2010 86
8.4741945 2010 86
8.4813922 2010 86
8.4885942 2010 86
8.4957881 2010 86
8.5029908 2010 86
8.5101601 2010 86
8.5173649 2011 86
8.5245755 2011 86
8.5317820 2011 86
8.5389677 2011 86
8.5461516 2011 86
8.5533568 2011 86
8.5605622 2011 86
8.5677551 2011 86
8.5749618 2011 86
8.5821752 2011 86
8.5893833 2011 86
8.5965953 2011 86
8.6038038 2011 86
8.6110028 2011 86
8.6181958 2011 86
8.6253974 2011 86
8.6325988 2011 86
8.6397999 2011 86
8.6470068 2011 86
8.6542206 2011 86
8.6614123 2011 86
8.6686353 2011 86
8.6758621 2011 86
8.6830613 2011 86
8.6902580 2011 86
8.6974678 2011 86
8.7046529 2011 86
8.7118485 2011 86
8.7190543 2011 86
8.7262497 2011 86
8.7334394 2011 86
8.7406393 2011 86
8.7478591 2011 86
8.7550728 2011 86
8.7622710 2011 86
8.7694582 2012 86
8.7766464 2012 86
8.7838409 2012 86
8.7910615 2012 86
8.7982777 2012 86
8.8054789 2012 86
8.8127047 2012 86
8.8199284 2012 86
8.8271249 2012 86
8.8343322 2012 86
8.8415670 2012 86
8.8487596 2012 86
8.8559749 2012 86
8.8631815 2012 86
8.8704079 2012 86
8.8776134 2012 86
8.8848097 2012 86
8.8920246 2012 86
8.8992382 2012 86
8.9064621 2012 86
8.9136594 2012 86
8.9208473 2012 86
8.9280436 2012 86
8.9352275 2012 86
8.9424011 2012 86
8.9495991 2012 86
8.9567843 2012 86
8.9639789 2012 86
8.9711759 2012 86
8.9783555 2012 86
8.9855566 2012 86
8.9927636 2012 86
8.9999602 2012 86
9.0071835 2012 86
9.0143857 2012 86
9.0215867 2013 86
9.0287696 2013 86
9.0359624 2013 86
9.0431949 2013 86
9.0503761 2013 86
9.0575690 2013 86
9.0647528 2013 86
9.0719647 2013 86
9.0791348 2013 86
9.0863570 2013 86
9.0935523 2013 86
9.1007635 2013 86
9.1079666 2013 86
9.1151678 2013 86
9.1223682 2013 86
9.1295631 2013 86
9.1367497 2013 86
9.1439664 2013 86
9.1511667 2013 86
9.1583610 2013 86
9.1655541 2013 86
9.1727468 2013 86
9.1799658 2013 86
9.1871806 2013 86
9.1943674 2013 86
9.2015743 2013 86
9.2087622 2013 86
9.2159554 2013 86
9.2231573 2013 86
9.2303822 2013 86
9.2376005 2013 86
9.2448154 2013 86
9.2520040 2013 86
9.2591893 2013 86
9.2664138 2013 86
9.2736028 2014 86
9.2808159 2014 86
9.2880120 2014 86
9.2951967 2014 86
9.3023904 2014 86
9.3095951 2014 86
9.3167824 2014 86
9.3239888 2014 86
9.3311901 2014 86
9.3383918 2014 86
9.3456138 2014 86
9.3528286 2014 86
9.3600133 2014 86
9.3672062 2014 87
9.3744240 2014 87
9.3816292 2014 87
9.3888047 2014 87
9.3960021 2014 87
9.4032088 2014 87
9.4104138 2014 87
9.4176057 2014 87
9.4248165 2014 87
9.4320322 2014 87
9.4392243 2014 87
9.4464308 2014 87
9.4536327 2014 87
9.4608371 2014 87
9.4680258 2014 87
9.4752010 2014 87
9.4823950 2014 87
9.4895957 2014 87
9.4968117 2014 87
9.5039976 2014 87
9.5112066 2014 87
9.5184045 2014 87
9.5256113 2015 87
9.5328326 2015 87
9.5400339 2015 87
9.5472525 2015 87
9.5544542 2015 87
9.5616385 2015 87
9.5688280 2015 87
9.5760417 2015 87
9.5832473 2015 87
9.5904573 2015 87
9.5976607 2015 87
9.6048700 2015 87
9.6120625 2015 87
9.6192698 2015 87
9.6264788 2015 87
9.6336744 2015 87
9.6408522 2015 87
9.6480461 2015 87
9.6552368 2015 87
9.6624229 2015 87
9.6696217 2015 87
9.6767977 2015 87
9.6840086 2015 87
9.6911954 2015 87
9.6983776 2015 87
9.7055925 2015 87
9.7127911 2015 87
9.7199927 2015 87
9.7272060 2015 87
9.7343925 2015 87
9.7415995 2015 87
9.7488008 2015 87
9.7559830 2015 87
9.7631881 2015 87
9.7703971 2016 87
9.7775904 2016 87
9.7847779 2016 87
9.7919710 2016 87
9.7991656 2016 87
9.8063585 2016 87
9.8135615 2016 87
9.8207573 2016 87
9.8279527 2016 87
9.8351604 2016 87
9.8423665 2016 87
9.8495601 2016 87
9.8567610 2016 87
9.8639738 2016 87
9.8711749 2016 87
9.8783746 2016 87
9.8855578 2016 87
9.8927540 2016 87
9.8999687 2016 87
9.9071410 2016 87
9.9143407 2016 87
9.9215516 2016 87
9.9287652 2016 87
9.9359492 2016 87
9.9431535 2016 87
9.9503623 2016 87
9.9575483 2016 87
9.9647543 2016 87
9.9719552 2016 87
9.9791709 2016 87
9.9863732 2016 87
9.9935939 2016 87
10.0007914 2016 87
10.0079941 2016 87
10.0151844 2016 87
10.0223820 2017 87
10.0295683 2017 87
10.0367824 2017 87
10.0439931 2017 87
10.0511867 2017 87
10.0583846 2017 87
10.0655781 2017 87
10.0727697 2017 87
10.0799871 2017 87
10.0871904 2017 87
10.0943889 2017 87
10.1015925 2017 87
10.1087829 2017 87
10.1159638 2017 87
10.1231426 2017 87
10.1303465 2017 87
10.1375620 2017 87
10.1447801 2017 87
10.1519709 2017 87
10.1591636 2017 87
10.1663696 2017 87
10.1735702 2017 87
10.1807708 2017 87
10.1879783 2017 87
10.1951621 2017 87
10.2023737 2017 87
10.2095722 2017 87
10.2167715 2017 87
10.2239825 2017 87
10.2311858 2017 87
10.2383769 2017 87
10.2456113 2017 87
10.2527992 2017 87
10.2600115 2017 87
10.2672043 2017 87
10.2743955 2018 87
10.2815907 2018 87
10.2887865 2018 87
10.2959728 2018 87
10.3031788 2018 87
10.3103530 2018 87
10.3175517 2018 87
10.3247264 2018 87
10.3319186 2018 87
10.3391302 2018 87
10.3463295 2018 87
10.3535151 2018 87
10.3606966 2018 87
10.3678969 2018 87
10.3751118 2018 87
10.3823141 2018 87
10.3895123 2018 87
10.3967059 2018 87
10.4039190 2018 87
10.4111137 2018 87
10.4183288 2018 87
10.4255253 2018 87
10.4327167 2018 87
10.4399090 2018 87
10.4471057 2018 87
10.4542785 2018 87
10.4614907 2018 87
10.4686750 2018 87
10.4758841 2018 87
10.4830559 2018 87
10.4902667 2018 87
10.4974705 2018 87
10.5046811 2018 87
10.5118891 2018 87
10.5190879 2018 87
10.5262947 2019 87
10.5334859 2019 87
10.5406729 2019 87
10.5478811 2019 87
10.5550736 2019 87
10.5622633 2019 87
10.5694665 2019 87
10.5766571 2019 87
10.5838479 2019 87
10.5910601 2019 87
10.5982592 2019 87
10.6054725 2019 87
10.6127189 2019 87
10.6199063 2019 87
10.6270773 2019 87
10.6342726 2019 87
10.6414663 2019 87
10.6486788 2019 87
10.6558723 2019 87
10.6630685 2019 87
10.6702675 2019 87
10.6774585 2019 87
10.6846504 2019 87
10.6918573 2019 87
10.6990374 2019 87
10.7062442 2019 87
10.7134324 2019 87
10.7206436 2019 87
10.7278244 2019 87
10.7350183 2019 87
10.7422242 2019 87
10.7494138 2019 87
10.7566197 2019 87
10.7638254 2019 87
10.7710263 2019 87
10.7782176 2020 87
10.7854130 2020 87
10.7926196 2020 87
10.7998005 2020 87
10.8070307 2020 87
10.8142275 2020 87
10.8214181 2020 87
10.8286102 2020 87
10.8358244 2020 87
10.8430363 2020 87
10.8502417 2020 87
10.8574484 2020 87
10.8646645 2020 87
10.8718504 2020 87
10.8790419 2020 87
10.8862342 2020 87
10.8934406 2020 87
10.9006425 2020 87
10.9078614 2020 87
10.9150292 2020 87
10.9222054 2020 87
10.9294143 2020 87
10.9366230 2020 87
10.9438113 2020 87
10.9510114 2020 87
10.9581895 2020 87
10.9654007 2020 87
10.9725968 2020 87
10.9798106 2020 87
10.9870180 2020 87
10.9942216 2020 87
11.0013975 2020 87
11.0085958 2020 87
11.0157675 2020 87
11.0229835 2020 87
11.0302000 2021 87
11.0374014 2021 87
11.0446068 2021 87
11.0518037 2021 87
11.0589908 2021 87
11.0662117 2021 87
11.0734123 2021 87
11.0806127 2021 87
11.0878203 2021 87
11.0950340 2021 87
11.1022292 2021 87
11.1094314 2021 87
11.1166341 2021 87
11.1238499 2021 87
11.1310572 2021 87
11.1382416 2021 87
11.1454493 2021 87
11.1526729 2021 87
11.1598958 2021 87
11.1671010 2021 87
11.1743007 2021 87
11.1815018 2021 87
11.1887088 2021 87
11.1959161 2021 87
11.2031390 2021 87
11.2103326 2021 87
11.2175144 2021 87
11.2247120 2021 87
11.2319084 2021 87
11.2391204 2021 87
11.2463229 2021 87
11.2535161 2021 87
11.2607432 2021 87
11.2679159 2021 87
11.2751219 2022 87
11.2823271 2022 87
11.2895285 2022 87
11.2967301 2022 87
11.3039300 2022 87
11.3111050 2022 87
11.3183009 2022 87
11.3254944 2022 87
11.3326878 2022 87
11.3398635 2022 87
11.3470606 2022 87
11.3542693 2022 87
11.3614589 2022 87
11.3686621 2022 87
11.3758636 2022 87
11.3830570 2022 87
11.3902598 2022 87
11.3974657 2022 87
11.4046674 2022 87
11.4118632 2022 87
11.4190541 2022 87
11.4262583 2022 87
11.4334490 2022 87
11.4406696 2022 87
11.4478615 2022 87
11.4550680 2022 87
11.4622726 2022 87
11.4694942 2022 87
11.4766986 2022 87
11.4838990 2022 87
11.4910982 2022 87
11.4982875 2022 87
11.5055078 2022 87
11.5127149 2022 87
11.5199158 2022 87
11.5271072 2023 87
11.5342968 2023 87
11.5415014 2023 87
11.5487191 2023 87
11.5559130 2023 87
11.5631192 2023 87
11.5703243 2023 87
11.5774993 2023 87
11.5846950 2023 87
11.5919134 2023 87
11.5991255 2023 87
11.6063271 2023 87
11.6135315 2023 87
11.6207234 2023 87
11.6279379 2023 87
11.6351341 2023 87
11.6423106 2023 87
11.6495173 2023 87
11.6567103 2023 87
11.6639124 2023 87
11.6711204 2023 87
11.6783204 2023 87
11.6855023 2023 87
11.6926886 2023 87
11.6999069 2023 87
11.7070913 2023 87
11.7142935 2023 87
11.7214921 2023 87
11.7286745 2023 87
11.7358653 2023 87
11.7430615 2023 87
11.7502550 2023 87
11.7574659 2023 87
11.7646854 2023 87
11.7718919 2023 87
11.7791067 2024 87
11.7863082 2024 87
11.7935253 2024 87
11.8007366 2024 87
11.8079333 2024 87
11.8151216 2024 87
11.8223390 2024 87
11.8295302 2024 87
11.8367327 2024 87
11.8439079 2024 87
11.8510827 2024 87
11.8583020 2024 87
11.8654826 2024 87
11.8726799 2024 87
11.8798855 2024 87
11.8870896 2024 87
11.8942913 2024 87
11.9014889 2024 88
11.9086929 2024 88
11.9159010 2024 88
11.9231096 2024 88
11.9303019 2024 88
11.9374822 2024 88
11.9446908 2024 88
11.9519083 2024 88
11.9591089 2024 88
11.9663193 2024 88
11.9735143 2024 88
11.9807095 2024 88
11.9879254 2024 88
11.9951233 2024 88
12.0023305 2024 88
12.0095445 2024 88
12.0167439 2024 88
12.0239266 2024 88
12.0311058 2025 88
12.0382811 2025 88
12.0454570 2025 88
12.0526573 2025 88
12.0598321 2025 88
12.0670249 2025 88
12.0742125 2025 88
12.0814135 2025 88
12.0885985 2025 88
12.0957923 2025 88
12.1030221 2025 88
12.1102317 2025 88
12.1174410 2025 88
12.1246253 2025 88
12.1318262 2025 88
12.1390268 2025 88
12.1462375 2025 88
12.1534567 2025 88
12.1606664 2025 88
12.1678669 2025 88
12.1750663 2025 88
12.1822637 2025 88
12.1894810 2025 88
12.1966670 2025 88
12.2038637 2025 88
12.2110458 2025 88
12.2182627 2025 88
12.2254818 2025 88
12.2327062 2025 88
12.2398892 2025 88
12.2471032 2025 88
12.2543048 2025 88
12.2615166 2025 88
12.2687114 2025 88
12.2759106 2025 88
12.2830952 2026 88
12.2902956 2026 88
12.2975076 2026 88
12.3047160 2026 88
12.3118969 2026 88
12.3190764 2026 88
12.3262845 2026 88
12.3335072 2026 88
12.3407054 2026 88
12.3478744 2026 88
12.3550632 2026 88
12.3622549 2026 88
12.3694663 2026 88
12.3766476 2026 88
12.3838226 2026 88
12.3909995 2026 88
12.3981606 2026 88
12.4053511 2026 88
12.4125612 2026 88
12.4197697 2026 88
12.4269788 2026 88
12.4341766 2026 88
12.4413866 2026 88
12.4485627 2026 88
12.4557617 2026 88
12.4629623 2026 88
12.4701631 2026 88
12.4773671 2026 88
12.4845669 2026 88
12.4917800 2026 88
12.4989749 2026 88
12.5061794 2026 88
12.5133641 2026 88
12.5205486 2026 88
12.5277575 2026 88
12.5349450 2027 88
12.5421406 2027 88
12.5493368 2027 88
12.5565375 2027 88
12.5637298 2027 88
12.5709513 2027 88
12.5781433 2027 88
12.5853303 2027 88
12.5925094 2027 88
12.5997303 2027 88
12.6069381 2027 88
12.6141386 2027 88
12.6213373 2027 88
12.6285228 2027 88
12.6357264 2027 88
12.6429244 2027 88
12.6501277 2027 88
12.6573305 2027 88
12.6645275 2027 88
12.6717265 2027 88
12.6789273 2027 88
12.6861172 2027 88
12.6933176 2027 88
12.7005193 2027 88
12.7077132 2027 88
12.7148846 2027 88
12.7220795 2027 88
12.7292758 2027 88
12.7364825 2027 88
12.7436958 2027 88
12.7508731 2027 88
12.7580677 2027 88
12.7652396 2027 88
12.7724459 2027 88
12.7796456 2028 88
12.7868555 2028 88
12.7940520 2028 88
12.8012702 2028 88
12.8084678 2028 88
12.8156794 2028 88
12.8228865 2028 88
12.8300615 2028 88
12.8372547 2028 88
12.8444500 2028 88
12.8516595 2028 88
12.8588669 2028 88
12.8660587 2028 88
12.8732600 2028 88
12.8804470 2028 88
12.8876511 2028 88
12.8948223 2028 88
12.9020333 2028 88
12.9092123 2028 88
12.9164085 2028 88
12.9236119 2028 88
12.9307986 2028 88
12.9379818 2028 88
12.9451733 2028 88
12.9523611 2028 88
12.9595475 2028 88
12.9667625 2028 88
12.9739695 2028 88
12.9811719 2028 88
12.9883681 2028 88
12.9955454 2028 88
13.0027355 2028 88
13.0099451 2028 88
13.0171176 2028 88
13.0243408 2028 88
13.0315593 2029 88
13.0387648 2029 88
13.0459727 2029 88
13.0531685 2029 88
13.0603756 2029 88
13.0675801 2029 88
13.0747669 2029 88
13.0819465 2029 88
13.0891419 2029 88
13.0963663 2029 88
13.1035792 2029 88
13.1107644 2029 88
13.1179800 2029 88
13.1251895 2029 88
13.1323811 2029 88
13.1395698 2029 88
13.1467671 2029 88
13.1539686 2029 88
13.1611901 2029 88
13.1683727 2029 88
13.1755597 2029 88
13.1827497 2029 88
13.1899444 2029 88
13.1971149 2029 88
13.2043162 2029 88
13.2115096 2029 88
13.2187120 2029 88
13.2259213 2029 88
13.2330911 2029 88
13.2402940 2029 88
13.2474962 2029 88
13.2547109 2029 88
13.2619171 2029 88
13.2691442 2029 88
13.2763329 2029 88
13.2835421 2030 88
13.2907555 2030 88
13.2979616 2030 88
13.3051661 2030 88
13.3123713 2030 88
13.3195542 2030 88
13.3267502 2030 88
13.3339409 2030 88
13.3411506 2030 88
13.3483471 2030 88
13.3555467 2030 88
13.3627501 2030 88
13.3699592 2030 88
13.3771704 2030 88
13.3843509 2030 88
13.3915543 2030 88
13.3987672 2030 88
13.4059635 2030 88
13.4131792 2030 88
13.4203744 2030 88
13.4275728 2030 88
13.4347622 2030 88
13.4419674 2030 88
13.4491757 2030 88
13.4563795 2030 88
13.4635804 2030 88
13.4708078 2030 88
13.4779957 2030 88
13.4851778 2030 88
13.4924168 2030 88
13.4996192 2030 88
13.5068092 2030 88
13.5140148 2030 88
13.5212164 2030 88
13.5284182 2031 88
13.5356318 2031 88
13.5428366 2031 88
13.5500236 2031 88
13.5572165 2031 88
13.5644273 2031 88
13.5716130 2031 88
13.5788118 2031 88
13.5860059 2031 88
13.5931823 2031 88
13.6004119 2031 88
13.6076321 2031 88
13.6148543 2031 88
13.6220500 2031 88
13.6292535 2031 88
13.6364415 2031 88
13.6436490 2031 88
13.6508527 2031 88
13.6580485 2031 88
13.6652484 2031 88
13.6724415 2031 88
13.6796465 2031 88
13.6868552 2031 88
13.6940422 2031 88
13.7012415 2031 88
13.7084434 2031 88
13.7156683 2031 88
13.7228735 2031 88
13.7301002 2031 88
13.7372963 2031 88
13.7444837 2031 88
13.7516678 2031 88
13.7588821 2031 88
13.7660962 2031 88
13.7732866 2031 88
13.7805050 2032 88
13.7876920 2032 88
13.7948829 2032 88
13.8020857 2032 88
13.8092762 2032 88
13.8164810 2032 88
13.8236920 2032 88
13.8309090 2032 88
13.8381041 2032 88
13.8453070 2032 88
13.8525115 2032 88
13.8597111 2032 88
13.8669079 2032 88
13.8741085 2032 88
13.8813195 2032 88
13.8885038 2032 88
13.8957062 2032 88
13.9028831 2032 88
13.9100806 2032 88
13.9172827 2032 88
13.9244728 2032 88
13.9316672 2032 88
13.9388709 2032 88
13.9460586 2032 88
13.9532552 2032 88
13.9604423 2032 88
13.9676428 2032 88
13.9748322 2032 88
13.9820346 2032 88
13.9892226 2032 88
13.9964461 2032 88
14.0036544 2032 88
14.0108462 2032 88
14.0180559 2032 88
14.0252550 2032 88
14.0324740 2033 88
14.0396807 2033 88
14.0468697 2033 88
14.0540668 2033 88
14.0612738 2033 88
14.0684534 2033 88
14.0756497 2033 88
14.0828371 2033 88
14.0900451 2033 88
14.0972557 2033 88
14.1044550 2033 88
14.1116796 2033 88
14.1188530 2033 88
14.1260432 2033 88
14.1332513 2033 88
14.1404592 2033 88
14.1476629 2033 88
14.1548688 2033 88
14.1620758 2033 88
14.1692926 2033 88
14.1764780 2033 88
14.1836769 2033 88
14.1908684 2033 88
14.1980653 2033 88
14.2052391 2033 88
14.2124276 2033 88
14.2196303 2033 88
14.2268349 2033 88
14.2340459 2033 88
14.2412376 2033 88
14.2484537 2033 88
14.2556487 2033 88
14.2628338 2033 88
14.2700421 2033 88
14.2772598 2033 88
14.2844736 2034 88
14.2917022 2034 88
14.2989213 2034 88
14.3061371 2034 88
14.3133385 2034 88
14.3205336 2034 88
14.3277389 2034 88
14.3349580 2034 88
14.3421896 2034 88
14.3493913 2034 88
14.3565985 2034 88
14.3638058 2034 88
14.3710090 2034 88
14.3782022 2034 88
14.3853928 2034 88
14.3926024 2034 88
14.3998136 2034 88
14.4070194 2034 88
14.4142160 2034 88
14.4213925 2034 88
14.4286019 2034 88
14.4357924 2034 88
14.4430047 2034 88
14.4502115 2034 88
14.4573894 2034 88
14.4646171 2034 88
14.4718111 2034 88
14.4790204 2034 88
14.4862128 2034 88
14.4934091 2034 88
14.5006089 2034 88
14.5078139 2034 88
14.5150224 2034 88
14.5222481 2034 88
14.5294820 2035 88
14.5366906 2035 88
14.5438991 2035 88
14.5511116 2035 88
14.5583217 2035 88
14.5655242 2035 88
14.5727217 2035 88
14.5799167 2035 88
14.5871244 2035 88
14.5943190 2035 88
14.6015146 2035 88
14.6086994 2035 88
14.6159174 2035 88
14.6231201 2035 88
14.6303315 2035 88
14.6375441 2035 88
14.6447270 2035 88
14.6519238 2035 89
14.6591124 2035 89
14.6663064 2035 89
14.6734961 2035 89
14.6806936 2035 89
14.6878905 2035 89
14.6950971 2035 89
14.7022822 2035 89
14.7094568 2035 89
14.7166622 2035 89
14.7238654 2035 89
14.7310570 2035 89
14.7382519 2035 89
14.7454535 2035 89
14.7526500 2035 89
14.7598686 2035 89
14.7670655 2035 89
14.7742672 2035 89
14.7814624 2036 89
14.7886740 2055 89
14.7958707 2055 89
14.8030671 2055 89
14.8102707 2055 89
14.8174710 2055 89
14.8246762 2055 89
14.8318936 2055 89
14.8390776 2055 89
14.8462699 2055 89
14.8534750 2055 89
14.8606836 2055 89
14.8678782 2055 89
14.8750827 2055 89
14.8822896 2055 89
14.8894930 2055 89
14.8966969 2055 89
14.9038683 2055 89
14.9110660 2055 89
14.9182707 2055 89
14.9254805 2055 89
14.9326791 2055 89
14.9398985 2055 89
14.9471099 2055 89
14.9542961 2055 89
14.9614990 2055 89
14.9687064 2055 89
14.9758979 2055 89
14.9830929 2055 89
14.9902870 2055 89
14.9974806 2055 89
15.0046963 2055 89
15.0119472 2055 89
15.0191494 2055 89
15.0263501 2056 89
15.0335492 2056 89
15.0407550 2056 89
15.0479476 2056 89
15.0551359 2056 89
15.0623240 2056 89
15.0695370 2056 89
15.0767426 2056 89
15.0839377 2056 89
15.0911305 2056 89
15.0983437 2056 89
15.1055644 2056 89
15.1127751 2056 89
15.1199596 2056 89
15.1271607 2056 89
15.1343588 2056 89
15.1415622 2056 89
15.1487506 2056 89
15.1559495 2056 89
15.1631640 2056 89
15.1703715 2066 89
15.1775749 2066 89
15.1847651 2066 89
15.1919489 2066 89
15.1991491 2066 89
15.2063485 2066 89
15.2135389 2066 89
15.2207421 2066 89
15.2279318 2066 89
15.2351318 2066 89
15.2423227 2066 89
15.2495094 2066 89
15.2567273 2066 89
15.2639264 2066 89
15.2711293 2066 89
15.2783232 2067 89
15.2855377 2067 89
15.2927368 2067 89
15.2999153 2067 89
15.3071290 2067 89
15.3143474 2067 89
15.3215588 2067 89
15.3287529 2067 89
15.3359569 2067 89
15.3431441 2067 89
15.3503344 2067 89
15.3575559 2067 89
15.3647847 2067 89
15.3719539 2067 89
15.3791615 2067 89
15.3863510 2067 89
15.3935517 2067 89
15.4007700 2067 89
15.4079809 2067 89
15.4151911 2067 89
15.4223982 2067 89
15.4295999 2067 89
15.4367992 2067 89
15.4440018 2067 89
15.4512184 2067 89
15.4584175 2067 89
15.4656222 2067 89
15.4728263 2067 89
15.4800201 2067 89
15.4872110 2067 89
15.4944168 2067 89
15.5016257 2067 89
15.5088302 2067 89
15.5160337 2067 89
15.5232311 2067 89
15.5304353 2068 89
15.5376347 2068 89
15.5448257 2068 89
15.5520281 2068 89
15.5592194 2068 89
15.5664395 2068 89
15.5736398 2068 89
15.5808500 2068 89
15.5880369 2068 89
15.5952498 2068 89
15.6024455 2068 89
15.6096412 2068 89
15.6168201 2068 89
15.6240066 2068 89
15.6312091 2068 89
15.6384128 2068 89
15.6456139 2068 89
15.6528244 2068 89
15.6600156 2068 89
15.6672256 2068 89
15.6744464 2068 89
15.6816461 2068 89
15.6888514 2068 89
15.6960593 2068 89
15.7032440 2068 89
15.7104266 2068 89
15.7176296 2068 89
15.7248257 2068 89
15.7320100 2068 89
15.7392014 2068 89
15.7463798 2068 89
15.7535714 2068 89
15.7607617 2068 89
15.7679893 2068 89
15.7751820 2068 89
15.7823661 2069 89
15.7895631 2069 89
15.7967657 2069 89
15.8039635 2069 89
15.8111555 2069 89
15.8183377 2069 89
15.8255449 2069 89
15.8327545 2069 89
15.8399529 2069 89
15.8471404 2069 89
15.8543460 2069 89
15.8615729 2069 89
15.8687849 2069 89
15.8759928 2069 89
15.8831777 2069 89
15.8903579 2069 89
15.8975734 2069 89
15.9047728 2069 89
15.9119824 2069 89
15.9191713 2069 89
15.9263882 2069 89
15.9336059 2069 89
15.9408047 2069 89
15.9479906 2069 89
15.9552231 2069 89
15.9624492 2069 89
15.9696425 2069 89
15.9768458 2069 89
15.9840360 2069 89
15.9912370 2069 89
15.9984425 2069 89
16.0056294 2069 89
16.0128145 2069 89
16.0200201 2069 89
16.0272081 2069 89
16.0344063 2070 89
16.0416198 2070 89
16.0488050 2070 89
16.0560218 2070 89
16.0632244 2070 89
16.0704226 2070 89
16.0776329 2070 89
16.0848369 2070 89
16.0920431 2070 89
16.0992591 2070 89
16.1064603 2070 89
16.1136551 2070 89
16.1208787 2070 89
16.1280879 2070 89
16.1353073 2070 89
16.1425498 2070 89
16.1497763 2070 89
16.1569583 2070 89
16.1641506 2070 89
16.1713502 2070 89
16.1785398 2070 89
16.1857399 2070 89
16.1929411 2070 89
16.2001442 2070 89
16.2073496 2070 89
16.2145502 2070 89
16.2217665 2070 89
16.2289684 2070 89
16.2361725 2070 89
16.2433990 2070 89
16.2505914 2070 89
16.2577887 2070 89
16.2649942 2070 89
16.2721863 2070 89
16.2793933 2070 89
16.2866057 2071 89
16.2937990 2071 89
16.3009810 2071 89
16.3081833 2071 89
16.3153996 2071 89
16.3226019 2071 89
16.3297735 2071 89
16.3369733 2071 89
16.3441761 2071 89
16.3514183 2071 89
16.3586074 2071 89
16.3657980 2071 89
16.3729722 2071 89
16.3801686 2071 89
16.3873546 2071 89
16.3945481 2071 89
16.4017476 2071 89
16.4089329 2071 89
16.4161316 2071 89
16.4233241 2071 89
16.4304976 2071 89
16.4376872 2071 89
16.4448896 2071 89
16.4521066 2071 89
16.4592912 2071 89
16.4664799 2071 89
16.4736835 2071 89
16.4808807 2071 89
16.4880875 2071 89
16.4953032 2071 89
16.5025092 2071 89
16.5096881 2071 89
16.5168994 2071 89
16.5240834 2071 89
16.5312737 2071 89
16.5384860 2072 89
16.5456560 2072 89
16.5528668 2072 89
16.5600861 2072 89
16.5673005 2072 89
16.5745037 2072 89
16.5817096 2072 89
16.5889275 2072 89
16.5961506 2072 89
16.6033430 2072 89
16.6105591 2072 89
16.6177588 2072 89
16.6249445 2072 89
16.6321408 2072 89
16.6393469 2072 89
16.6465516 2072 89
16.6537630 2072 89
16.6609567 2072 89
16.6681518 2072 89
16.6753569 2072 89
16.6825476 2072 89
16.6897567 2072 89
16.6969623 2072 89
16.7041475 2072 89
16.7113132 2072 89
16.7185085 2072 89
16.7257260 2072 89
16.7329347 2072 89
16.7401354 2072 89
16.7473461 2072 89
16.7545381 2072 89
16.7617184 2072 89
16.7689171 2072 89
16.7761163 2072 89
16.7833129 2072 89
16.7905353 2073 89
16.7977403 2073 89
16.8049612 2073 89
16.8121338 2073 89
16.8193231 2073 89
16.8265374 2073 89
16.8337302 2073 89
16.8409353 2073 89
16.8481275 2073 89
16.8553430 2073 89
16.8625158 2073 89
16.8697121 2073 89
16.8768879 2073 89
16.8840780 2073 89
16.8912793 2073 89
16.8984745 2073 89
16.9056727 2073 89
16.9128766 2073 89
16.9200356 2073 89
16.9272224 2073 89
16.9344359 2073 89
16.9416400 2073 89
16.9488448 2073 89
16.9560458 2073 89
16.9632631 2073 89
16.9704651 2073 89
16.9776596 2073 89
16.9848500 2073 89
16.9920441 2073 89
16.9992742 2073 89
17.0064815 2073 89
17.0136734 2073 89
17.0208831 2073 89
17.0280862 2073 89
17.0352818 2074 89
17.0425124 2074 89
17.0497145 2074 89
17.0569052 2074 89
17.0641017 2074 89
17.0713085 2074 89
17.0785072 2074 89
17.0857143 2074 89
17.0929011 2074 89
17.1000894 2074 89
17.1072937 2074 89
17.1144843 2074 89
17.1216834 2074 89
17.1288972 2074 89
17.1360771 2074 89
17.1432565 2074 89
17.1504593 2074 89
17.1576441 2074 89
17.1648336 2074 89
17.1720394 2074 89
17.1792530 2074 89
17.1864796 2074 89
17.1936479 2074 89
17.2008408 2074 89
17.2080385 2074 89
17.2152537 2074 89
17.2224290 2074 89
17.2296303 2074 89
17.2368092 2074 89
17.2440188 2074 89
17.2512252 2074 89
17.2584234 2074 89
17.2656187 2074 89
17.2728105 2074 89
17.2800196 2074 89
17.2872061 2075 89
17.2944360 2075 89
17.3016691 2075 89
17.3088692 2075 89
17.3160679 2075 89
17.3232644 2075 89
17.3304610 2075 89
17.3376646 2075 89
17.3448860 2075 89
17.3520767 2075 89
17.3592560 2075 89
17.3664579 2075 89
17.3736502 2075 89
17.3808721 2075 89
17.3880713 2075 89
17.3952835 2075 89
17.4024870 2075 89
17.4096909 2075 89
17.4168965 2075 89
17.4240809 2075 89
17.4312797 2075 89
17.4384682 2075 89
17.4456629 2075 89
17.4528590 2075 89
17.4600507 2075 89
17.4672460 2075 89
17.4744314 2075 89
17.4816026 2075 89
17.4887833 2075 89
17.4959841 2075 89
17.5032081 2075 89
17.5104305 2075 89
17.5176572 2075 89
17.5248802 2075 89
17.5320953 2075 89
17.5393016 2076 89
17.5465180 2076 89
17.5537287 2076 89
17.5609241 2076 89
17.5681522 2076 89
17.5753514 2076 89
17.5825568 2076 89
17.5897636 2106 89
17.5969844 2106 89
17.6041717 2106 89
17.6113623 2106 89
17.6185444 2106 89
17.6257430 2106 89
17.6329447 2106 89
17.6401600 2106 89
17.6473671 2106 89
17.6545635 2106 89
17.6617494 2106 89
17.6689504 2106 89
17.6761380 2106 89
17.6833720 2106 89
17.6905776 2106 89
17.6977856 2106 89
17.7050064 2106 89
17.7122040 2106 89
17.7193990 2106 89
17.7266081 2106 89
17.7337974 2106 89
17.7409854 2106 89
17.7481868 2106 89
17.7553930 2106 89
17.7625690 2106 89
17.7697720 2106 89
17.7769719 2106 89
17.7841808 2106 89
17.7913807 2107 89
17.7985782 2107 89
17.8057664 2107 89
17.8129626 2107 89
17.8201623 2107 89
17.8273676 2107 89
17.8345804 2107 89
17.8417734 2107 89
17.8489865 2107 89
17.8561648 2107 89
17.8633621 2107 89
17.8705823 2107 89
17.8777808 2107 89
17.8849833 2107 89
17.8921787 2107 89
17.8993998 2107 89
17.9065910 2107 89
17.9137913 2107 89
17.9210106 2107 89
17.9282173 2107 89
17.9354340 2107 89
17.9426166 2107 89
17.9498140 2107 89
17.9570093 2107 89
17.9642074 2107 89
17.9714034 2107 89
17.9786079 2107 89
17.9858174 2107 89
17.9930178 2107 89
18.0002131 2107 89
18.0074022 2107 89
18.0145846 2107 89
18.0217713 2107 89
18.0289428 2107 89
18.0361700 2107 89
18.0433615 2108 89
18.0505703 2108 89
18.0577630 2108 89
18.0649656 2108 89
18.0721501 2108 89
18.0793711 2108 89
18.0865765 2108 89
18.0937768 2108 89
18.1009671 2108 89
18.1081722 2108 89
18.1153589 2108 89
18.1225594 2108 89
18.1297329 2108 89
18.1369398 2108 89
18.1441416 2108 89
18.1513309 2108 89
18.1585356 2108 89
18.1657422 2108 89
18.1729130 2108 89
18.1801023 2108 89
18.1872887 2108 89
18.1944840 2108 89
18.2016767 2108 89
18.2088672 2108 89
18.2160345 2108 89
18.2232457 2108 89
18.2304206 2108 89
18.2376005 2108 89
18.2447769 2108 89
18.2519643 2108 89
18.2591603 2108 89
18.2663618 2108 89
18.2735701 2108 89
18.2807688 2108 89
18.2879812 2109 89
18.2951957 2109 89
18.3023958 2109 89
18.3096129 2109 89
18.3168063 2109 89
18.3240015 2109 89
18.3312214 2109 89
18.3384278 2109 89
18.3456377 2109 89
18.3528394 2109 89
18.3600324 2109 89
18.3672224 2109 89
18.3744021 2109 89
18.3816282 2109 89
18.3888277 2109 89
18.3960335 2109 89
18.4032362 2109 89
18.4104587 2109 89
18.4176407 2109 89
18.4248475 2109 89
18.4320463 2109 89
18.4392539 2109 89
18.4464519 2109 89
18.4536321 2109 89
18.4608206 2109 89
18.4680152 2109 89
18.4752278 2109 89
18.4824166 2109 89
18.4896007 2109 89
18.4968100 2109 89
18.5040019 2109 89
18.5112070 2109 89
18.5183773 2109 89
18.5255851 2109 89
18.5327885 2109 89
18.5399980 2110 89
18.5472158 2110 89
18.5544037 2110 89
18.5615881 2110 89
18.5687992 2110 89
18.5760017 2110 89
18.5832105 2110 89
18.5904136 2110 89
18.5976227 2110 89
18.6048374 2110 89
18.6120542 2110 89
18.6192612 2110 89
18.6264714 2110 89
18.6336682 2110 89
18.6408577 2110 89
18.6480778 2110 89
18.6552618 2110 89
18.6624745 2110 89
18.6697007 2110 89
18.6768825 2110 89
18.6840786 2110 89
18.6912744 2110 89
18.6984713 2110 89
18.7056847 2110 89
18.7128966 2110 89
18.7201274 2110 89
18.7273068 2110 89
18.7344984 2110 89
18.7417142 2110 89
18.7489075 2110 89
18.7560801 2110 89
18.7632824 2110 89
18.7704831 2110 89
18.7776849 2110 89
18.7848735 2110 89
18.7920739 2111 89
18.7992844 2111 89
18.8064929 2111 89
18.8136818 2111 89
18.8208868 2111 89
18.8280879 2111 89
18.8352931 2111 89
18.8424848 2111 89
18.8496771 2111 89
18.8568681 2111 89
18.8640700 2111 89
18.8712720 2111 89
18.8784838 2111 89
18.8856838 2111 89
18.8928852 2111 89
18.9000815 2111 89
18.9072885 2111 89
18.9144810 2111 89
18.9216663 2111 89
18.9288744 2111 89
18.9360820 2111 89
18.9432793 2111 89
18.9504651 2111 89
18.9576551 2111 89
18.9648295 2111 89
18.9720189 2111 89
18.9792250 2111 89
18.9864211 2111 89
18.9936206 2111 89
19.0008207 2111 89
19.0080299 2111 89
19.0152515 2111 89
19.0224475 2111 89
19.0296539 2111 89
19.0368635 2112 89
19.0440488 2112 89
19.0512615 2112 89
19.0584854 2112 89
19.0656935 2112 89
19.0729021 2112 89
19.0801087 2112 89
19.0873234 2112 89
19.0945390 2112 89
19.1017307 2112 89
19.1089186 2112 89
19.1161352 2112 89
19.1233616 2112 89
19.1305604 2112 89
19.1377383 2112 89
19.1449552 2112 89
19.1521531 2112 89
19.1593272 2112 89
19.1665313 2112 89
19.1737386 2112 89
19.1809400 2112 89
19.1881423 2112 89
19.1953140 2112 89
19.2025001 2112 89
19.2097059 2112 89
19.2169063 2112 89
19.2241035 2112 89
19.2312773 2112 89
19.2384707 2112 89
19.2456752 2112 89
19.2528652 2112 89
19.2600759 2112 89
19.2672714 2112 89
19.2744711 2112 89
19.2816536 2112 89
19.2888435 2113 89
19.2960506 2113 89
19.3032425 2113 89
19.3104375 2113 89
19.3176535 2113 89
19.3248618 2113 89
19.3320740 2113 89
19.3392875 2113 89
19.3464986 2113 89
19.3537021 2113 89
19.3609165 2113 89
19.3681063 2113 89
19.3752961 2113 89
19.3824897 2113 89
19.3896973 2113 89
19.3968868 2113 89
19.4040639 2113 89
19.4112711 2113 89
19.4184617 2113 89
19.4256570 2113 89
19.4328785 2113 89
19.4400836 2113 89
19.4472969 2113 89
19.4545001 2113 89
19.4616704 2113 89
19.4688769 2113 89
19.4760760 2113 89
19.4832749 2113 89
19.4904556 2113 89
19.4976602 2113 89
19.5048597 2113 89
19.5120798 2113 89
19.5192903 2113 89
19.5264923 2113 89
19.5337029 2113 89
19.5409156 2114 89
19.5481283 2114 89
19.5553392 2114 89
19.5625362 2114 89
19.5697321 2114 89
19.5769161 2114 89
19.5840898 2114 89
19.5912845 2114 89
19.5984704 2114 89
19.6056857 2114 89
19.6128862 2114 89
19.6200923 2114 89
19.6272833 2114 89
19.6344908 2114 89
19.6416747 2114 89
19.6488882 2114 89
19.6560846 2114 89
19.6632868 2114 89
19.6704406 2114 89
19.6776412 2114 89
19.6848259 2114 89
19.6920379 2114 89
19.6992503 2114 89
19.7064314 2114 89
19.7136126 2114 89
19.7208252 2114 89
19.7280403 2114 89
19.7352221 2114 89
19.7424315 2114 89
19.7496574 2114 89
19.7568515 2114 89
19.7640418 2114 89
19.7712545 2114 89
19.7784557 2114 89
19.7856762 2114 89
19.7928990 2115 89
19.8001117 2115 89
19.8073189 2115 89
19.8145135 2115 89
19.8217065 2115 89
19.8288968 2115 89
19.8360993 2115 89
19.8432903 2115 89
19.8504876 2115 89
19.8576791 2115 89
19.8648838 2115 89
19.8720804 2115 89
19.8792849 2115 89
19.8864721 2115 89
19.8936659 2115 89
19.9008733 2115 89
19.9080606 2115 89
19.9152506 2115 89
19.9224328 2115 89
19.9296289 2115 89
19.9368290 2115 89
19.9440414 2115 89
19.9512492 2115 89
19.9584534 2115 89
19.9656590 2115 89
19.9728627 2115 89
19.9800583 2115 89
19.9872621 2115 89
19.9944956 2115 89
20.0016822 2115 89
20.0088735 2115 89
20.0160753 2115 89
20.0232725 2115 89
20.0304876 2115 89
20.0376759 2116 89
20.0448765 2116 89
20.0520716 2116 89
20.0592649 2116 89
20.0664840 2116 89
20.0736524 2116 89
20.0808271 2116 89
20.0880339 2116 89
20.0952514 2116 89
20.1024400 2116 89
20.1096337 2116 89
20.1168328 2116 89
20.1240318 2116 89
20.1312337 2116 89
20.1384396 2116 89
20.1456431 2116 89
20.1528368 2116 89
20.1600307 2116 89
20.1672461 2116 89
20.1744471 2116 89
20.1816599 2116 89
20.1888719 2116 89
20.1960566 2116 89
20.2032609 2116 89
20.2104608 2116 89
20.2176729 2116 89
20.2248652 2116 89
20.2320605 2116 89
20.2392626 2116 89
20.2464710 2116 89
20.2536727 2116 89
20.2608839 2116 89
20.2680909 2116 89
20.2752980 2116 89
20.2824986 2116 89
20.2896931 2117 89
20.2969021 2117 89
20.3040750 2117 89
20.3112678 2117 89
20.3184808 2117 89
20.3256610 2117 89
20.3328482 2117 89
20.3400437 2117 89
20.3472697 2117 89
20.3544790 2117 89
20.3617054 2117 89
20.3688954 2117 89
20.3761085 2117 89
20.3833134 2117 89
20.3905130 2117 89
20.3977134 2117 89
20.4049169 2117 89
20.4121358 2117 89
20.4193341 2117 89
20.4265456 2117 89
20.4337708 2117 89
20.4409732 2117 89
20.4481689 2117 89
20.4553747 2117 89
20.4625849 2117 89
20.4697865 2117 89
20.4769721 2117 89
20.4841695 2117 89
20.4913529 2117 89
20.4985488 2117 89
20.5057288 2117 89
20.5129277 2117 89
20.5201333 2117 89
20.5273578 2117 89
20.5345734 2117 89
20.5417984 2118 89
20.5490126 2118 89
20.5562149 2118 89
20.5634074 2118 89
20.5706033 2118 89
20.5778053 2118 89
20.5849856 2118 89
20.5921728 2118 89
20.5993773 2118 89
20.6065691 2118 89
20.6137560 2118 89
20.6209639 2118 89
20.6281609 2118 89
20.6353545 2118 89
20.6425571 2118 89
20.6497509 2118 89
20.6569584 2118 89
20.6641710 2118 89
20.6713509 2118 89
20.6785590 2118 89
20.6857444 2118 89
20.6929360 2118 89
20.7001519 2118 89
20.7073406 2118 89
20.7145182 2118 89
20.7217097 2118 89
20.7288933 2118 89
20.7360860 2118 89
20.7432893 2118 89
20.7505005 2118 89
20.7577237 2118 89
20.7649247 2118 89
20.7721127 2118 89
20.7793312 2118 89
20.7865277 2118 89
20.7937378 2119 89
20.8009380 2119 89
20.8081362 2119 89
20.8153326 2119 89
20.8225202 2119 89
20.8297156 2119 89
20.8368983 2119 89
20.8441172 2119 89
20.8513192 2119 89
20.8585167 2119 89
20.8657324 2119 89
20.8729247 2119 89
20.8801135 2119 89
20.8872980 2119 89
20.8944896 2119 89
20.9016822 2119 89
20.9089127 2119 89
20.9161091 2119 89
20.9232947 2119 89
20.9304980 2119 89
20.9377057 2119 89
20.9448960 2119 89
20.9520733 2119 89
20.9592734 2119 89
20.9664547 2119 89
20.9736476 2119 89
20.9808425 2119 89
20.9880344 2119 89
20.9952269 2119 89
21.0024336 2119 89
21.0096306 2119 89
21.0168437 2119 89
21.0240272 2119 89
21.0312375 2119 89
21.0384349 2119 89
21.0456486 2120 89
21.0528348 2120 89
21.0600388 2120 89
21.0672482 2120 89
21.0744487 2120 89
21.0816353 2120 89
21.0888398 2120 89
21.0960256 2120 89
21.1032148 2120 89
21.1104177 2120 89
21.1176183 2120 89
21.1247879 2120 89
21.1319796 2120 89
21.1391694 2120 89
21.1463713 2120 89
21.1535895 2120 89
21.1608144 2120 89
21.1679941 2120 89
21.1752130 2120 89
21.1824275 2120 89
21.1896232 2120 89
21.1968246 2120 89
21.2040324 2120 89
21.2112557 2120 89
21.2184540 2120 89
21.2256615 2120 89
21.2328651 2120 89
21.2400603 2120 89
21.2472556 2120 89
21.2544511 2120 89
21.2616404 2120 89
21.2688526 2120 89
21.2760654 2120 89
21.2832902 2120 89
21.2904792 2121 89
21.2977047 2121 89
21.3049003 2121 89
21.3120816 2121 89
21.3192763 2121 89
21.3264692 2121 89
21.3336408 2121 89
21.3408423 2121 89
21.3480288 2121 89
21.3552369 2121 89
21.3624298 2121 89
21.3696004 2121 89
21.3767838 2121 89
21.3840056 2121 89
21.3911877 2121 89
21.3983887 2121 89
21.4055697 2121 89
21.4127547 2121 89
21.4199655 2121 89
21.4271770 2121 89
21.4343572 2121 89
21.4415583 2121 89
21.4487571 2121 89
21.4559597 2121 89
21.4631484 2121 89
21.4703576 2121 89
21.4775671 2121 89
21.4847613 2121 89
21.4919761 2121 89
21.4991627 2121 89
21.5063690 2121 89
21.5135611 2121 89
21.5207523 2121 89
21.5279341 2121 89
21.5351348 2121 89
21.5423307 2122 89
21.5495220 2122 89
21.5567478 2122 89
21.5639528 2122 89
21.5711610 2122 89
21.5783754 2122 89
21.5855802 2122 89
21.5927591 2122 89
21.5999582 2122 89
21.6071515 2122 89
21.6143565 2122 89
21.6215734 2122 89
21.6287588 2122 89
21.6359686 2156 89
21.6432019 2156 89
21.6504114 2156 89
21.6575972 2156 89
21.6647863 2156 89
21.6719972 2156 89
21.6791976 2156 89
21.6864106 2156 89
21.6936160 2156 89
21.7008271 2156 89
21.7080164 2156 89
21.7152172 2156 89
21.7224400 2156 89
21.7296234 2156 89
21.7368223 2156 89
21.7440151 2156 89
21.7512023 2156 89
21.7583860 2156 89
21.7655866 2156 89
21.7727911 2156 89
21.7800004 2156 89
21.7872149 2156 89
21.7944137 2157 89
21.8015784 2157 89
21.8087720 2157 89
21.8159502 2157 89
21.8231510 2157 89
21.8303447 2157 89
21.8375417 2157 89
21.8447419 2157 89
21.8519480 2157 89
21.8591530 2157 89
21.8663618 2157 89
21.8735889 2157 89
21.8808045 2157 89
21.8879935 2157 89
21.8952025 2157 89
21.9023775 2157 89
21.9095837 2157 89
21.9167651 2157 89
21.9239524 2157 89
21.9311341 2157 89
21.9383107 2157 89
21.9455099 2157 89
21.9527112 2157 89
21.9599036 2157 89
21.9670990 2157 89
21.9743294 2157 89
21.9815253 2157 89
21.9887155 2157 89
21.9958878 2157 89
22.0030809 2157 89
22.0102949 2157 89
22.0174932 2157 89
22.0246860 2157 89
22.0318890 2157 89
22.0390823 2157 89
22.0462916 2158 89
22.0535032 2158 89
22.0606871 2158 89
22.0678865 2158 89
22.0750929 2158 89
22.0822881 2158 89
22.0894865 2158 89
22.0967070 2158 89
22.1038897 2158 89
22.1110799 2158 89
22.1182729 2158 89
22.1254822 2158 89
22.1326795 2158 89
22.1398846 2158 89
22.1470876 2158 89
22.1542823 2158 89
22.1614889 2158 89
22.1687140 2158 89
22.1759261 2158 89
22.1831331 2158 89
22.1903141 2158 89
22.1975164 2158 89
22.2046935 2158 89
22.2119055 2158 89
22.2190870 2158 89
22.2262772 2158 89
22.2334759 2158 89
22.2406795 2158 89
22.2478705 2158 89
22.2550797 2158 89
22.2622757 2158 89
22.2694528 2158 89
22.2766591 2158 89
22.2838744 2158 89
22.2910777 2158 89
22.2983005 2159 89
22.3054849 2159 89
22.3126787 2159 89
22.3198892 2159 89
22.3270875 2159 89
22.3342897 2159 89
22.3414956 2159 89
22.3487248 2159 89
22.3559120 2159 89
22.3630998 2159 89
22.3703126 2159 89
22.3774989 2159 89
22.3846886 2159 89
22.3918835 2159 89
22.3990915 2159 89
22.4062784 2159 89
22.4134913 2159 89
22.4206931 2159 89
22.4278986 2159 89
22.4351079 2159 89
22.4423086 2159 89
22.4495093 2159 89
22.4567161 2159 89
22.4639247 2159 89
22.4711327 2159 89
22.4783311 2159 89
22.4855255 2159 89
22.4927419 2159 89
22.4999351 2159 89
22.5071357 2159 89
22.5143253 2159 89
22.5215221 2159 89
22.5287384 2159 89
22.5359376 2159 89
22.5431473 2159 89
22.5503475 2160 89
22.5575505 2160 89
22.5647445 2160 89
22.5719559 2160 89
22.5791698 2160 89
22.5863705 2160 89
22.5935950 2160 89
22.6008277 2160 89
22.6080270 2160 89
22.6152452 2160 89
22.6224320 2160 89
22.6296416 2160 89
22.6368406 2160 89
22.6440400 2160 89
22.6512042 2160 89
22.6584002 2160 89
22.6656027 2160 89
22.6728153 2160 89
22.6800175 2160 89
22.6872139 2160 89
22.6944132 2160 89
22.7016033 2160 89
22.7088121 2160 89
22.7159949 2160 89
22.7232104 2160 89
22.7303926 2160 89
22.7375756 2160 89
22.7447811 2160 89
22.7519954 2160 89
22.7591757 2160 89
22.7663806 2160 89
22.7735720 2160 89
22.7807791 2160 89
22.7879622 2160 89
22.7951609 2161 89
22.8023649 2161 89
22.8095724 2161 89
22.8167796 2161 89
22.8239681 2161 89
22.8311804 2161 89
22.8383855 2161 89
22.8455920 2161 89
22.8528097 2161 89
22.8600173 2161 89
22.8672189 2161 89
22.8743945 2161 89
22.8815953 2161 89
22.8887829 2161 89
22.8959942 2161 89
22.9031984 2161 89
22.9104027 2161 89
22.9175915 2161 89
22.9248059 2161 89
22.9319961 2161 89
22.9392118 2161 89
22.9464173 2161 89
22.9536359 2161 89
22.9608205 2161 89
22.9680193 2161 89
22.9752015 2161 89
22.9824117 2161 89
22.9896447 2161 89
22.9968647 2161 89
23.0040603 2161 89
23.0112691 2161 89
23.0184687 2161 89
23.0256561 2161 89
23.0328487 2161 89
23.0400312 2161 89
23.0472471 2162 89
23.0544746 2162 89
23.0616872 2162 89
23.0688985 2162 89
23.0761093 2162 89
23.0832988 2162 89
23.0904754 2162 89
23.0976848 2162 89
23.1048735 2162 89
23.1120660 2162 89
23.1192616 2162 89
23.1264544 2162 89
23.1336495 2162 89
23.1408559 2162 89
23.1480565 2162 89
23.1552777 2162 89
23.1624920 2162 89
23.1696957 2162 89
23.1768751 2162 89
23.1840621 2162 89
23.1912634 2162 89
23.1984469 2162 89
23.2056277 2162 89
23.2128074 2162 89
23.2200099 2162 89
23.2272036 2162 89
23.2343952 2162 89
23.2415914 2162 89
23.2487680 2162 89
23.2559639 2162 89
23.2631720 2162 89
23.2703588 2162 89
23.2775807 2162 89
23.2847870 2162 89
23.2920084 2162 89
23.2991873 2163 89
23.3064032 2163 89
23.3136039 2163 89
23.3208009 2163 89
23.3280077 2163 89
23.3352134 2163 89
23.3424149 2163 89
23.3496033 2163 89
23.3567990 2163 89
23.3640093 2163 89
23.3712111 2163 89
23.3784119 2163 89
23.3856291 2163 89
23.3928433 2163 89
23.4000401 2163 89
23.4072642 2163 89
23.4144719 2163 89
23.4216991 2163 89
23.4288985 2163 89
23.4360825 2163 89
23.4432853 2163 89
23.4504928 2163 89
23.4576837 2163 89
23.4648953 2163 89
23.4721138 2163 89
23.4792879 2163 89
23.4864604 2163 89
23.4936795 2163 89
23.5008775 2163 89
23.5080720 2163 89
23.5152845 2163 89
23.5224663 2163 89
23.5296609 2163 89
23.5368788 2163 89
23.5440704 2163 89
23.5512913 2164 89
23.5584802 2164 89
23.5656886 2164 89
23.5728838 2164 89
23.5800871 2164 89
23.5872717 2164 89
23.5944763 2164 89
23.6016862 2164 89
23.6088854 2164 89
23.6160886 2164 89
23.6232959 2164 89
23.6304862 2164 89
23.6377023 2164 89
23.6448950 2164 89
23.6520728 2164 89
23.6592791 2164 89
23.6664842 2164 89
23.6736904 2164 89
23.6808880 2164 89
23.6880798 2164 89
23.6952826 2164 89
23.7024904 2164 89
23.7096763 2164 89
23.7168696 2164 89
23.7240668 2164 89
23.7312523 2164 89
23.7384427 2164 89
23.7456390 2164 89
23.7528433 2164 89
23.7600409 2164 89
23.7672497 2164 89
23.7744758 2164 89
23.7816756 2164 89
23.7888862 2164 89
23.7960849 2165 89
23.8032921 2165 89
23.8104987 2165 89
23.8177099 2165 89
23.8249164 2165 89
23.8321198 2165 89
23.8393158 2165 89
23.8465254 2165 89
23.8537199 2165 89
23.8609312 2165 89
23.8681087 2165 89
23.8753119 2165 89
23.8825144 2165 89
23.8897030 2165 89
23.8969064 2165 89
23.9040801 2165 89
23.9112711 2165 89
23.9184639 2165 89
23.9256672 2165 89
23.9328882 2165 89
23.9401064 2165 89
23.9473067 2165 89
23.9545121 2165 89
23.9617198 2165 89
23.9689147 2165 89
23.9761069 2165 89
23.9832997 2165 89
23.9905083 2165 89
23.9977224 2165 89
24.0000000 2165 89
