readpng
0.0000522 117
0.0072608 202 40
0.0144065 206 40
0.0216078 209 41
0.0287969 213 42
0.0360047 216 42
0.0432204 220 42
0.0504448 223 44
0.0576625 226 44
0.0648592 230 44
0.0720663 233 44
0.0792480 236 44
0.0864409 239 45
0.0936551 243 45
0.1008694 246 45
0.1080794 249 45
0.1152895 252 46
0.1224891 255 46
0.1296815 258 47
0.1368806 262 47
0.1441093 265 47
0.1513052 268 47
0.1585226 271 48
0.1657205 274 49
0.1729318 277 49
0.1801296 280 50
0.1873192 283 51
0.1945137 285 51
0.2017221 288 53
0.2089436 291 53
0.2161674 294 53
0.2233896 297 53
0.2305816 300 53
0.2377906 303 54
0.2449803 305 54
0.2521767 308 56
0.2593838 311 58
0.2665827 314 58
0.2737742 316 59
0.2809761 319 60
0.2881912 322 60
0.2953925 324 61
0.3025905 327 61
0.3098052 329 62
0.3170071 332 62
0.3242010 335 62
0.3314097 337 62
0.3386072 340 62
0.3457921 342 62
0.3530016 345 63
0.3602122 347 64
0.3674232 350 64
0.3746120 352 64
0.3818051 354 64
0.3890085 357 64
0.3962219 359 66
0.4034207 362 66
0.4106107 364 66
0.4178318 366 66
0.4250434 369 66
0.4322370 371 67
0.4394406 373 67
0.4466142 375 67
0.4537987 378 67
0.4609890 380 67
0.4681714 382 67
0.4754003 384 69
0.4826074 386 69
0.4897921 389 69
0.4969941 391 69
0.5042032 393 70
0.5113857 395 70
0.5185819 397 70
0.5257575 399 70
0.5329636 401 70
0.5401603 403 70
0.5473457 405 70
0.5545452 407 71
0.5617639 409 71
0.5689787 412 72
0.5761723 413 72
0.5833558 415 72
0.5905753 417 72
0.5977880 419 72
0.6049845 421 72
0.6122058 423 72
0.6194117 425 73
0.6266307 427 73
0.6338274 429 73
0.6410364 431 73
0.6482255 433 73
0.6554232 434 73
0.6626327 436 73
0.6698488 438 73
0.6770329 440 73
0.6842279 442 74
0.6914284 443 74
0.6986087 445 74
0.7058355 447 74
0.7130476 449 74
0.7202660 450 74
0.7274690 452 74
0.7346676 454 75
0.7418630 456 75
0.7490654 457 75
0.7562503 459 75
0.7634592 461 75
0.7706710 462 75
0.7778698 464 75
0.7850512 465 75
0.7922359 467 75
0.7994520 469 75
0.8066770 470 75
0.8138839 472 75
0.8210813 473 75
0.8282484 475 75
0.8354489 476 76
0.8426281 478 76
0.8498176 479 76
0.8570180 481 76
0.8642010 482 76
0.8714069 484 76
0.8786094 485 76
0.8858117 487 76
0.8930064 488 76
0.9002104 490 76
0.9074246 491 76
0.9146224 493 76
0.9218439 494 76
0.9290483 495 76
0.9362522 497 76
0.9434679 498 76
0.9506627 500 76
0.9578831 501 76
0.9650830 502 76
0.9722948 504 77
0.9795008 505 77
0.9866947 506 77
0.9938778 508 77
1.0010899 509 77
1.0082853 510 77
1.0154904 511 77
1.0226618 513 77
1.0298633 514 77
1.0370861 515 77
1.0442767 516 77
1.0514869 518 77
1.0587018 519 77
1.0658893 520 77
1.0730926 521 77
1.0802957 523 77
1.0875068 524 77
1.0947096 525 77
1.1019036 526 77
1.1091239 527 77
1.1163245 528 77
1.1235328 530 77
1.1307188 531 77
1.1379237 532 77
1.1451124 533 77
1.1523309 534 77
1.1595423 535 77
1.1667384 536 77
1.1739335 537 77
1.1811357 539 77
1.1883510 540 77
1.1955591 541 77
1.2027741 542 77
1.2099611 543 77
1.2171572 544 77
1.2243415 545 77
1.2315298 546 77
1.2387325 547 77
1.2459421 548 77
1.2531248 549 78
1.2603077 550 78
1.2675037 551 78
1.2747056 552 78
1.2819104 553 78
1.2891203 554 78
1.2963186 555 78
1.3035085 556 78
1.3107089 557 78
1.3178849 558 78
1.3251019 559 78
1.3323089 560 78
1.3395069 561 78
1.3467011 562 78
1.3538968 562 78
1.3611062 563 78
1.3683096 564 78
1.3755192 565 78
1.3827320 566 78
1.3899396 567 78
1.3971430 568 78
1.4043431 569 78
1.4115529 570 78
1.4187415 570 78
1.4259426 571 78
1.4331476 572 78
1.4403599 573 78
1.4475484 574 78
1.4547557 575 78
1.4619764 575 78
1.4691736 576 78
1.4763895 577 78
1.4835901 578 78
1.4907823 579 78
1.4979708 579 78
1.5051768 580 78
1.5123742 581 78
1.5195605 582 78
1.5267575 583 78
1.5339665 583 78
1.5411725 584 78
1.5483814 585 78
1.5555883 586 78
1.5627644 586 78
1.5699751 587 78
1.5771728 588 78
1.5843755 588 78
1.5915644 589 78
1.5987612 590 78
1.6059691 591 78
1.6131660 591 78
1.6203717 592 78
1.6275753 593 78
1.6347925 593 78
1.6419748 594 78
1.6491632 595 78
1.6563507 595 78
1.6635335 596 78
1.6707376 597 78
1.6779376 597 78
1.6851291 598 78
1.6923225 599 78
1.6995270 599 78
1.7067033 600 78
1.7138953 601 78
1.7211161 601 78
1.7283132 602 78
1.7355158 603 78
1.7427178 603 78
1.7499288 604 78
1.7571335 604 78
1.7643397 605 78
1.7715351 606 78
1.7787596 606 78
1.7859681 607 78
1.7931657 607 78
1.8003686 608 78
1.8075696 609 78
1.8147953 609 78
1.8219834 610 78
1.8291799 610 78
1.8364117 611 78
1.8436131 611 78
1.8508256 612 78
1.8580270 613 78
1.8652257 613 78
1.8723932 614 78
1.8795919 614 78
1.8867943 615 78
1.8939985 615 78
1.9012093 616 78
1.9084193 616 78
1.9156239 617 78
1.9228346 617 78
1.9300405 618 78
1.9372345 618 78
1.9444232 619 78
1.9516054 619 78
1.9588138 620 78
1.9660079 620 78
1.9732009 621 78
1.9804093 621 79
1.9876373 622 79
1.9948288 622 79
2.0020306 623 79
2.0092323 623 79
2.0164364 624 79
2.0236372 624 79
2.0308317 625 79
2.0380136 625 79
2.0452007 626 79
2.0523992 626 79
2.0595928 626 80
2.0667944 627 80
2.0740063 627 80
2.0811741 628 80
2.0883669 628 81
2.0955603 629 81
2.1027521 629 81
2.1099813 630 81
2.1171877 630 81
2.1243944 630 81
2.1315937 631 81
2.1387866 631 81
2.1459948 632 81
2.1531987 632 81
2.1604000 632 81
2.1676219 633 81
2.1748370 633 81
2.1820350 634 81
2.1892192 634 81
2.1964200 634 81
2.2036060 635 82
2.2108263 635 82
2.2180198 636 82
2.2251962 636 82
2.2323860 636 82
2.2395555 637 82
2.2467581 637 82
2.2539655 638 82
2.2611542 638 82
2.2683506 638 82
2.2755246 639 82
2.2827079 639 82
2.2898940 639 82
2.2971082 640 82
2.3042881 640 82
2.3114804 640 82
2.3186976 641 82
2.3258852 641 82
2.3330913 641 82
2.3403001 642 82
2.3474881 642 82
2.3546729 642 82
2.3618723 643 82
2.3690541 643 82
2.3762511 643 82
2.3834684 644 82
2.3906877 644 82
2.3978835 644 82
2.4050833 645 82
2.4122749 645 82
2.4194620 645 82
2.4266621 646 82
2.4338734 646 82
2.4410758 646 82
2.4482695 647 82
2.4554412 647 82
2.4626452 647 82
2.4698338 648 83
2.4770326 648 83
2.4842378 648 83
2.4914571 648 83
2.4986553 649 83
2.5058567 649 83
2.5130675 649 84
2.5202814 650 84
2.5274556 650 84
2.5346829 650 84
2.5418877 650 84
2.5490922 651 84
2.5562983 651 84
2.5634836 651 84
2.5706629 652 84
2.5778768 652 84
2.5850674 652 84
2.5922536 652 84
2.5994467 653 84
2.6066345 653 84
2.6138482 653 84
2.6210269 653 84
2.6282153 654 84
2.6354215 654 84
2.6426392 654 84
2.6498344 654 84
2.6570101 655 84
2.6642118 655 84
2.6714148 655 84
2.6786152 655 84
2.6858060 656 84
2.6930155 656 84
2.7002329 656 84
2.7074363 656 84
2.7146493 657 84
2.7218483 657 84
2.7290451 657 84
2.7362289 657 84
2.7434436 657 84
2.7506393 658 84
2.7578398 658 84
2.7650410 658 84
2.7722237 658 84
2.7794332 659 84
2.7866200 659 84
2.7938184 659 84
2.8010288 659 84
2.8082282 659 84
2.8154502 660 84
2.8226364 660 84
2.8298404 660 84
2.8370487 660 84
2.8442263 660 84
2.8514245 661 84
2.8586171 661 84
2.8658280 661 84
2.8730186 661 84
2.8802364 661 84
2.8874325 662 84
2.8946278 662 84
2.9018191 662 84
2.9090058 662 84
2.9161861 662 84
2.9233920 663 84
2.9305910 663 84
2.9377723 663 84
2.9449777 663 84
2.9521844 663 84
2.9593826 664 84
2.9665957 664 84
2.9737795 664 84
2.9809664 664 84
2.9881600 664 84
2.9953734 664 84
3.0025698 665 84
3.0097662 665 84
3.0169891 665 84
3.0241871 665 84
3.0313970 665 84
3.0385967 666 84
3.0458006 666 84
3.0530015 666 84
3.0601833 666 84
3.0673642 666 84
3.0745655 666 84
3.0817531 667 84
3.0889671 667 84
3.0961561 667 84
3.1033745 667 84
3.1105715 667 84
3.1177616 667 84
3.1249564 667 84
3.1321434 668 84
3.1393457 668 84
3.1465503 668 84
3.1537613 668 84
3.1609772 668 84
3.1681672 668 84
3.1753665 669 84
3.1825709 669 84
3.1897951 669 84
3.1969934 669 84
3.2041962 669 84
3.2114001 669 84
3.2185752 669 84
3.2257885 670 84
3.2329895 670 84
3.2401797 670 84
3.2473855 670 84
3.2546186 670 84
3.2618219 670 84
3.2690183 670 84
3.2762150 670 84
3.2834092 671 84
3.2906356 671 84
3.2978355 671 84
3.3050337 671 84
3.3122322 671 84
3.3194303 671 84
3.3266448 671 84
3.3338467 672 84
3.3410484 672 84
3.3482555 672 84
3.3554869 672 84
3.3626952 672 84
3.3698974 672 84
3.3770964 672 84
3.3842916 672 84
3.3914957 673 84
3.3986763 673 84
3.4058665 673 84
3.4130540 673 84
3.4202321 673 84
3.4274329 673 84
3.4346169 673 84
3.4418164 673 84
3.4490177 673 84
3.4562145 674 84
3.4634088 674 84
3.4706090 674 84
3.4777786 674 84
3.4849761 674 84
3.4921487 674 84
3.4993370 674 84
3.5065346 674 84
3.5137252 674 84
3.5208840 675 84
3.5281024 675 84
3.5352905 675 84
3.5425075 675 84
3.5497009 675 84
3.5568983 675 84
3.5640954 675 84
3.5712837 675 84
3.5784930 675 84
3.5856696 675 84
3.5928801 676 84
3.6000861 676 84
3.6073034 676 84
3.6144951 676 84
3.6216796 676 84
3.6288927 676 84
3.6360841 676 84
3.6433085 676 84
3.6505205 676 84
3.6577270 676 84
3.6649191 677 84
3.6721042 677 84
3.6792836 677 84
3.6864913 677 84
3.6936823 677 84
3.7008697 677 84
3.7080623 677 84
3.7152810 677 84
3.7224866 677 84
3.7296810 677 84
3.7368800 677 84
3.7440576 678 84
3.7512611 678 84
3.7584654 678 84
3.7656810 678 84
3.7728710 678 84
3.7800808 678 84
3.7872681 678 84
3.7944709 678 84
3.8016776 678 84
3.8088769 678 84
3.8160604 678 84
3.8232472 678 84
3.8304297 679 84
3.8376198 679 84
3.8448222 679 84
3.8520223 679 84
3.8592367 679 84
3.8664267 679 84
3.8736268 679 84
3.8808115 679 84
3.8880084 679 84
3.8952006 679 84
3.9024013 679 84
3.9095945 679 84
3.9167933 679 84
3.9240131 680 84
3.9311991 680 84
3.9384065 680 84
3.9456212 680 84
3.9528481 680 84
3.9600146 680 84
3.9672265 680 85
3.9744232 680 85
3.9815958 680 85
3.9887877 680 85
3.9959960 680 85
4.0031885 680 85
4.0103848 680 86
4.0175776 680 86
4.0247551 681 86
4.0319542 681 86
4.0391570 681 86
4.0463529 681 86
4.0535445 681 86
4.0607308 681 86
4.0679282 681 86
4.0751429 681 86
4.0823635 681 86
4.0895692 681 86
4.0967819 681 86
4.1039950 681 86
4.1112022 681 86
4.1184050 681 86
4.1256303 681 86
4.1328436 682 86
4.1400464 682 86
4.1472495 682 86
4.1544519 682 86
4.1616544 682 87
4.1688367 682 87
4.1760417 682 87
4.1832248 682 87
4.1904312 682 87
4.1976490 682 87
4.2048499 682 87
4.2120596 682 87
4.2192639 682 87
4.2264695 682 87
4.2336896 682 87
4.2408968 682 87
4.2480930 683 87
4.2552706 683 87
4.2624859 683 87
4.2696680 683 87
4.2768840 683 87
4.2840720 683 87
4.2912844 683 87
4.2984989 683 87
4.3057060 683 87
4.3129135 683 87
4.3201058 683 87
4.3273052 683 87
4.3344926 683 87
4.3416944 683 87
4.3488879 683 87
4.3560687 683 87
4.3632599 683 88
4.3704921 683 88
4.3776855 684 88
4.3848816 684 88
4.3920773 684 88
4.3992914 684 88
4.4065170 684 88
4.4137057 684 88
4.4208999 684 88
4.4280838 684 88
4.4353019 684 88
4.4425176 684 88
4.4497057 684 88
4.4569059 684 88
4.4641040 684 88
4.4712813 684 88
4.4784865 684 88
4.4857052 684 88
4.4928875 684 88
4.5000971 684 88
4.5073165 684 88
4.5145035 684 88
4.5217101 685 88
4.5289086 685 88
4.5361029 685 88
4.5432961 685 88
4.5505001 685 88
4.5577002 685 88
4.5648865 685 88
4.5721097 685 88
4.5793059 685 88
4.5864926 685 88
4.5937074 685 88
4.6009039 685 88
4.6080874 685 88
4.6152798 685 88
4.6224702 685 88
4.6296579 685 88
4.6368436 685 88
4.6440307 685 88
4.6512184 685 88
4.6583928 685 88
4.6655539 685 88
4.6727293 685 88
4.6799287 686 88
4.6871221 686 88
4.6943087 686 88
4.7015125 686 88
4.7087064 686 88
4.7158958 686 88
4.7231047 686 88
4.7303018 686 88
4.7374942 686 88
4.7446983 686 88
4.7518974 686 88
4.7590872 686 88
4.7663087 686 88
4.7735036 686 88
4.7806936 686 88
4.7878569 686 88
4.7950586 686 88
4.8022535 686 88
4.8094624 686 88
4.8166575 686 88
4.8238656 686 88
4.8310822 686 88
4.8382776 686 88
4.8454702 686 89
4.8526703 686 89
4.8598712 687 89
4.8670798 687 89
4.8742684 687 89
4.8814884 687 89
4.8886928 687 89
4.8959037 687 89
4.9031079 687 89
4.9103187 687 89
4.9175219 687 89
4.9247101 687 89
4.9319120 687 89
4.9391132 687 89
4.9463237 687 89
4.9535348 687 89
4.9607293 687 89
4.9679521 687 89
4.9751394 687 89
4.9823326 687 89
4.9895223 687 89
4.9967374 687 89
5.0039445 687 89
5.0111357 687 89
5.0183115 687 89
5.0255039 687 89
5.0327091 687 89
5.0399044 687 89
5.0470845 687 89
5.0542832 688 89
5.0614918 688 89
5.0686586 688 89
5.0758533 688 89
5.0830370 688 89
5.0902453 688 89
5.0974460 688 89
5.1046536 688 89
5.1118586 688 89
5.1190625 688 89
5.1262492 688 89
5.1334519 688 89
5.1406486 688 89
5.1478502 688 89
5.1550498 688 89
5.1622512 688 89
5.1694364 688 89
5.1766333 688 89
5.1838429 688 89
5.1910490 688 89
5.1982419 688 89
5.2054431 688 89
5.2126586 688 89
5.2198611 688 89
5.2270774 688 89
5.2343146 688 89
5.2414848 688 89
5.2486655 688 89
5.2558629 688 89
5.2630538 688 89
5.2702632 688 89
5.2774851 689 89
5.2846889 689 89
5.2918850 689 89
5.2990798 689 89
5.3063000 689 89
5.3135097 689 89
5.3207042 689 89
5.3279155 689 89
5.3350963 689 89
5.3422955 689 89
5.3494831 689 89
5.3566688 689 89
5.3638664 689 89
5.3710729 689 89
5.3782909 689 89
5.3854981 689 89
5.3926984 689 89
5.3998859 689 89
5.4070971 689 89
5.4143089 689 89
5.4215177 689 89
5.4287216 689 89
5.4359279 689 89
5.4431102 689 89
5.4503181 689 89
5.4575060 689 89
5.4647033 689 89
5.4718860 689 89
5.4790832 689 89
5.4862835 689 89
5.4934992 689 89
5.5007144 689 89
5.5079079 689 89
5.5150981 689 89
5.5222845 690 89
5.5294795 690 89
5.5366936 690 89
5.5438868 690 89
5.5511003 690 89
5.5583123 690 89
5.5655362 690 89
5.5727392 690 89
5.5799473 690 89
5.5871619 690 89
5.5943745 690 89
5.6015992 690 89
5.6088183 690 89
5.6160075 690 89
5.6231986 690 89
5.6303729 690 89
5.6375913 690 89
5.6447930 690 89
5.6519964 690 89
5.6592040 690 89
5.6663940 690 89
5.6735769 690 89
5.6807817 690 89
5.6879893 690 89
5.6952145 690 89
5.7024168 690 89
5.7095969 690 89
5.7167971 690 89
5.7239808 690 89
5.7311795 690 89
5.7383745 690 89
5.7455828 690 89
5.7527973 690 89
5.7599988 690 89
5.7671963 690 89
5.7744016 691 89
5.7815961 691 89
5.7888036 691 89
5.7959967 691 89
5.8031814 691 89
5.8103647 691 89
5.8175787 691 89
5.8247821 691 89
5.8320001 691 89
5.8391811 691 89
5.8463767 691 90
5.8535879 691 90
5.8607695 691 90
5.8679695 691 90
5.8751666 691 90
5.8823626 691 90
5.8895487 691 90
5.8967384 691 90
5.9039142 691 90
5.9110917 691 90
5.9182970 691 90
5.9254950 691 90
5.9326952 691 90
5.9398760 691 90
5.9470708 691 90
5.9542933 691 90
5.9614923 691 90
5.9686878 691 90
5.9758807 691 90
5.9830730 691 90
5.9902478 691 90
5.9974620 691 90
6.0046409 691 90
6.0118214 691 90
6.0190286 691 90
6.0262137 692 90
6.0334155 692 90
6.0406232 692 90
6.0478278 692 90
6.0550133 692 90
6.0622089 692 90
6.0694201 692 90
6.0766326 692 90
6.0838240 692 90
6.0910191 692 90
6.0982303 692 90
6.1054018 692 90
6.1126085 692 90
6.1198324 692 90
6.1270120 692 90
6.1342123 692 90
6.1414201 692 90
6.1486183 692 90
6.1558274 692 90
6.1630445 692 90
6.1702550 692 90
6.1774481 692 90
6.1846295 692 90
6.1918513 692 90
6.1990751 692 90
6.2062741 692 90
6.2134411 692 90
6.2206262 692 90
6.2278198 692 90
6.2350465 692 90
6.2422663 692 90
6.2494470 692 90
6.2566407 692 90
6.2638252 692 90
6.2710271 692 90
6.2782087 693 90
6.2854016 693 90
6.2925948 693 90
6.2998047 693 90
6.3070074 693 90
6.3142080 693 90
6.3213853 693 90
6.3285937 693 90
6.3357789 693 90
6.3429695 693 90
6.3501569 693 90
6.3573567 693 90
6.3645502 693 90
6.3717621 693 90
6.3789529 693 90
6.3861734 693 90
6.3933558 693 90
6.4005700 693 90
6.4077941 693 90
6.4150064 693 90
6.4222063 693 90
6.4294039 693 90
6.4366060 693 90
6.4438113 693 90
6.4510106 693 90
6.4582299 693 90
6.4654332 693 90
6.4726389 693 90
6.4798358 693 90
6.4870244 693 90
6.4942577 693 90
6.5014465 693 90
6.5086490 693 90
6.5158219 693 90
6.5230176 694 90
6.5302144 694 90
6.5374174 694 90
6.5446117 694 90
6.5517991 694 90
6.5590037 694 90
6.5662249 694 90
6.5734196 694 90
6.5806008 694 90
6.5878127 694 90
6.5950045 694 90
6.6022163 694 90
6.6094350 694 90
6.6166329 694 90
6.6238237 694 90
6.6310129 694 90
6.6382243 694 90
6.6454247 694 90
6.6526387 694 90
6.6598514 694 90
6.6670612 694 90
6.6742487 694 90
6.6814457 694 90
6.6886316 694 90
6.6958322 694 90
6.7030404 694 90
6.7102245 694 90
6.7174254 694 90
6.7246263 694 90
6.7318356 694 90
6.7390427 694 90
6.7462459 694 90
6.7534332 694 90
6.7606337 694 90
6.7678588 694 90
6.7750378 695 90
6.7822383 695 90
6.7894433 695 90
6.7966663 695 90
6.8038700 695 90
6.8110606 695 90
6.8182527 695 90
6.8254506 695 90
6.8326634 695 90
6.8398527 695 90
6.8470475 695 90
6.8542453 695 90
6.8614552 695 90
6.8686433 695 90
6.8758299 695 90
6.8830186 695 90
6.8902204 695 90
6.8974206 695 90
6.9046160 695 90
6.9118242 695 90
6.9190321 695 90
6.9262453 695 90
6.9334495 695 90
6.9406376 695 90
6.9478617 695 90
6.9550670 695 90
6.9622734 695 90
6.9694645 695 90
6.9766485 695 90
6.9838394 695 90
6.9910385 695 90
6.9982484 695 90
7.0054440 695 90
7.0126369 695 90
7.0198425 695 90
7.0270277 696 90
7.0342383 696 90
7.0414403 696 90
7.0486235 696 90
7.0558372 696 90
7.0630446 696 90
7.0702707 696 90
7.0774651 696 90
7.0846596 696 90
7.0918796 696 90
7.0990670 696 90
7.1062608 696 90
7.1134616 696 90
7.1206667 696 90
7.1278664 696 90
7.1350662 696 90
7.1422580 696 90
7.1494495 696 90
7.1566431 696 90
7.1638376 696 90
7.1710172 696 90
7.1782057 696 90
7.1854055 696 90
7.1926117 696 90
7.1998260 696 90
7.2070090 696 90
7.2142038 696 90
7.2214205 696 90
7.2286038 696 90
7.2357962 696 90
7.2429848 696 90
7.2501769 696 90
7.2573938 696 90
7.2645872 696 90
7.2717916 696 90
7.2789994 697 90
7.2861929 697 90
7.2933723 697 90
7.3005771 697 90
7.3077837 697 90
7.3149884 697 90
7.3221926 697 90
7.3294049 697 90
7.3366029 697 90
7.3438281 697 90
7.3510348 697 90
7.3582460 697 90
7.3654583 697 90
7.3726441 697 90
7.3798532 697 90
7.3870491 697 90
7.3942505 697 90
7.4014537 697 90
7.4086354 697 90
7.4158301 697 90
7.4230424 697 90
7.4302553 697 90
7.4374588 697 90
7.4446183 697 90
7.4518200 697 90
7.4590122 697 90
7.4662202 697 90
7.4734425 697 90
7.4806414 697 90
7.4878344 697 90
7.4950348 697 90
7.5022394 697 90
7.5094252 697 90
7.5166086 697 90
7.5238007 698 90
7.5310057 698 90
7.5382094 698 90
7.5454142 698 90
7.5526021 698 90
7.5597951 698 90
7.5670046 698 90
7.5741977 698 90
7.5813894 698 90
7.5885924 698 90
7.5958103 698 90
7.6030145 698 90
7.6102117 698 90
7.6174028 698 90
7.6246104 698 90
7.6317981 698 90
7.6389847 698 90
7.6461891 698 90
7.6533938 698 90
7.6605877 698 90
7.6677865 698 90
7.6749790 698 90
7.6821820 698 90
7.6893937 698 90
7.6965903 698 90
7.7037803 698 90
7.7109794 698 90
7.7181829 698 90
7.7254033 698 90
7.7326042 698 90
7.7398255 698 90
7.7470190 698 90
7.7542158 698 90
7.7614212 698 90
7.7686179 698 90
7.7758284 699 90
7.7830307 699 90
7.7902358 699 90
7.7974511 699 90
7.8046393 699 90
7.8118510 699 90
7.8190464 699 90
7.8262361 699 90
7.8334346 699 90
7.8406525 699 90
7.8478470 699 90
7.8550316 699 90
7.8622340 699 90
7.8694277 699 90
7.8766304 699 90
7.8838117 699 90
7.8910208 699 90
7.8982248 699 90
7.9054310 699 90
7.9126305 699 90
7.9198493 699 90
7.9270483 699 90
7.9342460 699 90
7.9414686 699 90
7.9486571 699 90
7.9558708 699 90
7.9630627 699 90
7.9702759 699 90
7.9774568 699 90
7.9846605 699 90
7.9918639 699 90
7.9990729 699 90
8.0062673 699 90
8.0134709 699 90
8.0206858 699 90
8.0278945 700 90
8.0350810 700 90
8.0422888 700 90
8.0495066 700 90
8.0567007 700 90
8.0639053 700 90
8.0710819 700 90
8.0782783 700 90
8.0854740 700 90
8.0926648 700 90
8.0998484 700 90
8.1070402 700 90
8.1142300 700 90
8.1214322 700 90
8.1286456 700 90
8.1358457 700 90
8.1430296 700 90
8.1502313 700 90
8.1574286 700 90
8.1646443 700 90
8.1718491 700 90
8.1790444 700 90
8.1862619 700 90
8.1934677 700 90
8.2006876 700 90
8.2078834 700 91
8.2150519 700 91
8.2222217 700 91
8.2294264 700 91
8.2366320 700 91
8.2438215 700 91
8.2510200 700 91
8.2582146 700 91
8.2654283 700 91
8.2726334 700 91
8.2798405 701 91
8.2870323 701 91
8.2942434 701 91
8.3014327 701 91
8.3086131 701 91
8.3158036 701 91
8.3230203 701 91
8.3302238 701 91
8.3374148 701 91
8.3446109 701 91
8.3518105 701 91
8.3590042 701 91
8.3661968 701 91
8.3733843 701 91
8.3805774 701 91
8.3877868 701 91
8.3949840 701 91
8.4021934 701 91
8.4093891 701 91
8.4166012 701 91
8.4238078 701 91
8.4310161 701 91
8.4381920 701 91
8.4453897 701 91
8.4526025 701 91
8.4597914 701 91
8.4669932 701 91
8.4741945 701 91
8.4813922 701 91
8.4885942 701 91
8.4957881 701 91
8.5029908 701 91
8.5101601 701 91
8.5173649 701 91
8.5245755 701 91
8.5317820 702 91
8.5389677 702 91
8.5461516 702 91
8.5533568 702 91
8.5605622 702 91
8.5677551 702 91
8.5749618 702 91
8.5821752 702 91
8.5893833 702 91
8.5965953 702 91
8.6038038 702 91
8.6110028 702 91
8.6181958 702 91
8.6253974 702 91
8.6325988 702 91
8.6397999 702 91
8.6470068 702 91
8.6542206 702 91
8.6614123 702 91
8.6686353 702 91
8.6758621 702 91
8.6830613 702 91
8.6902580 702 91
8.6974678 702 91
8.7046529 702 91
8.7118485 702 91
8.7190543 702 91
8.7262497 702 91
8.7334394 702 91
8.7406393 702 91
8.7478591 702 91
8.7550728 702 91
8.7622710 702 91
8.7694582 702 91
8.7766464 702 91
8.7838409 703 91
8.7910615 703 91
8.7982777 703 91
8.8054789 703 91
8.8127047 703 91
8.8199284 703 91
8.8271249 703 91
8.8343322 703 91
8.8415670 703 91
8.8487596 703 91
8.8559749 703 91
8.8631815 703 91
8.8704079 703 91
8.8776134 703 91
8.8848097 703 91
8.8920246 703 91
8.8992382 703 91
8.9064621 703 91
8.9136594 703 91
8.9208473 703 91
8.9280436 703 91
8.9352275 703 91
8.9424011 703 91
8.9495991 703 91
8.9567843 703 91
8.9639789 703 91
8.9711759 703 91
8.9783555 703 91
8.9855566 703 91
8.9927636 703 91
8.9999602 703 91
9.0071835 703 91
9.0143857 703 91
9.0215867 703 91
9.0287696 704 91
9.0359624 704 91
9.0431949 704 91
9.0503761 704 91
9.0575690 704 91
9.0647528 704 91
9.0719647 704 91
9.0791348 704 91
9.0863570 704 91
9.0935523 704 91
9.1007635 704 91
9.1079666 704 91
9.1151678 704 91
9.1223682 704 91
9.1295631 704 91
9.1367497 704 91
9.1439664 704 91
9.1511667 704 91
9.1583610 704 91
9.1655541 704 91
9.1727468 704 91
9.1799658 704 91
9.1871806 704 91
9.1943674 704 91
9.2015743 704 91
9.2087622 704 91
9.2159554 704 91
9.2231573 704 91
9.2303822 704 91
9.2376005 704 91
9.2448154 704 91
9.2520040 704 91
9.2591893 704 91
9.2664138 704 91
9.2736028 704 91
9.2808159 705 91
9.2880120 705 91
9.2951967 705 91
9.3023904 705 91
9.3095951 705 91
9.3167824 705 91
9.3239888 705 91
9.3311901 705 91
9.3383918 705 91
9.3456138 705 91
9.3528286 705 91
9.3600133 705 91
9.3672062 705 92
9.3744240 705 92
9.3816292 705 92
9.3888047 705 92
9.3960021 705 92
9.4032088 705 92
9.4104138 705 92
9.4176057 705 92
9.4248165 705 92
9.4320322 705 92
9.4392243 705 92
9.4464308 705 92
9.4536327 705 92
9.4608371 705 92
9.4680258 705 92
9.4752010 705 92
9.4823950 705 92
9.4895957 705 92
9.4968117 705 92
9.5039976 705 92
9.5112066 705 92
9.5184045 705 92
9.5256113 705 92
9.5328326 706 92
9.5400339 706 92
9.5472525 706 92
9.5544542 706 92
9.5616385 706 92
9.5688280 706 92
9.5760417 706 92
9.5832473 706 92
9.5904573 706 92
9.5976607 706 92
9.6048700 706 92
9.6120625 706 92
9.6192698 706 92
9.6264788 706 92
9.6336744 706 92
9.6408522 706 92
9.6480461 706 92
9.6552368 706 92
9.6624229 706 92
9.6696217 706 92
9.6767977 706 92
9.6840086 706 92
9.6911954 706 92
9.6983776 706 92
9.7055925 706 92
9.7127911 706 92
9.7199927 706 92
9.7272060 706 92
9.7343925 706 92
9.7415995 706 92
9.7488008 706 92
9.7559830 706 92
9.7631881 706 92
9.7703971 706 92
9.7775904 707 92
9.7847779 707 92
9.7919710 707 92
9.7991656 707 92
9.8063585 707 92
9.8135615 707 92
9.8207573 707 92
9.8279527 707 92
9.8351604 707 92
9.8423665 707 92
9.8495601 707 92
9.8567610 707 92
9.8639738 707 92
9.8711749 707 92
9.8783746 707 92
9.8855578 707 92
9.8927540 707 92
9.8999687 707 92
9.9071410 707 92
9.9143407 707 92
9.9215516 707 92
9.9287652 707 92
9.9359492 707 92
9.9431535 707 92
9.9503623 707 92
9.9575483 707 92
9.9647543 707 92
9.9719552 707 92
9.9791709 707 92
9.9863732 707 92
9.9935939 707 92
10.0007914 707 92
10.0079941 707 92
10.0151844 707 92
10.0223820 707 92
10.0295683 708 92
10.0367824 708 92
10.0439931 708 92
10.0511867 708 92
10.0583846 708 92
10.0655781 708 92
10.0727697 708 92
10.0799871 708 92
10.0871904 708 92
10.0943889 708 92
10.1015925 708 92
10.1087829 708 92
10.1159638 708 92
10.1231426 708 92
10.1303465 708 92
10.1375620 708 92
10.1447801 708 92
10.1519709 708 92
10.1591636 708 92
10.1663696 708 92
10.1735702 708 92
10.1807708 708 92
10.1879783 708 92
10.1951621 708 92
10.2023737 708 92
10.2095722 708 92
10.2167715 708 92
10.2239825 708 92
10.2311858 708 92
10.2383769 708 92
10.2456113 708 92
10.2527992 708 92
10.2600115 708 92
10.2672043 708 92
10.2743955 708 92
10.2815907 709 92
10.2887865 709 92
10.2959728 709 92
10.3031788 709 92
10.3103530 709 92
10.3175517 709 92
10.3247264 709 92
10.3319186 709 92
10.3391302 709 92
10.3463295 709 92
10.3535151 709 92
10.3606966 709 92
10.3678969 709 92
10.3751118 709 92
10.3823141 709 92
10.3895123 709 92
10.3967059 709 92
10.4039190 709 92
10.4111137 709 92
10.4183288 709 92
10.4255253 709 92
10.4327167 709 92
10.4399090 709 92
10.4471057 709 92
10.4542785 709 92
10.4614907 709 92
10.4686750 709 92
10.4758841 709 92
10.4830559 709 92
10.4902667 709 92
10.4974705 709 92
10.5046811 709 92
10.5118891 709 92
10.5190879 709 92
10.5262947 709 92
10.5334859 710 92
10.5406729 710 92
10.5478811 710 92
10.5550736 710 92
10.5622633 710 92
10.5694665 710 92
10.5766571 710 92
10.5838479 710 92
10.5910601 710 92
10.5982592 710 92
10.6054725 710 92
10.6127189 710 92
10.6199063 710 92
10.6270773 710 92
10.6342726 710 92
10.6414663 710 92
10.6486788 710 92
10.6558723 710 92
10.6630685 710 92
10.6702675 710 92
10.6774585 710 92
10.6846504 710 92
10.6918573 710 92
10.6990374 710 92
10.7062442 710 92
10.7134324 710 92
10.7206436 710 92
10.7278244 710 92
10.7350183 710 92
10.7422242 710 92
10.7494138 710 92
10.7566197 710 92
10.7638254 710 92
10.7710263 710 92
10.7782176 710 92
10.7854130 711 92
10.7926196 711 92
10.7998005 711 92
10.8070307 711 92
10.8142275 711 92
10.8214181 711 92
10.8286102 711 92
10.8358244 711 92
10.8430363 711 92
10.8502417 711 92
10.8574484 711 92
10.8646645 711 92
10.8718504 711 92
10.8790419 711 92
10.8862342 711 92
10.8934406 711 92
10.9006425 711 92
10.9078614 711 92
10.9150292 711 92
10.9222054 711 92
10.9294143 711 92
10.9366230 711 92
10.9438113 711 92
10.9510114 711 92
10.9581895 711 92
10.9654007 711 92
10.9725968 711 92
10.9798106 711 92
10.9870180 711 92
10.9942216 711 92
11.0013975 711 92
11.0085958 711 92
11.0157675 711 92
11.0229835 711 92
11.0302000 711 92
11.0374014 712 92
11.0446068 712 92
11.0518037 712 92
11.0589908 712 92
11.0662117 712 92
11.0734123 712 92
11.0806127 712 92
11.0878203 712 92
11.0950340 712 92
11.1022292 712 92
11.1094314 712 92
11.1166341 712 92
11.1238499 712 92
11.1310572 712 92
11.1382416 712 92
11.1454493 712 92
11.1526729 712 92
11.1598958 712 92
11.1671010 712 92
11.1743007 712 92
11.1815018 712 92
11.1887088 712 92
11.1959161 712 92
11.2031390 712 92
11.2103326 712 92
11.2175144 712 92
11.2247120 712 92
11.2319084 712 92
11.2391204 712 92
11.2463229 712 92
11.2535161 712 92
11.2607432 712 92
11.2679159 712 92
11.2751219 712 92
11.2823271 713 92
11.2895285 713 92
11.2967301 713 92
11.3039300 713 92
11.3111050 713 92
11.3183009 713 92
11.3254944 713 92
11.3326878 713 92
11.3398635 713 92
11.3470606 713 92
11.3542693 713 92
11.3614589 713 92
11.3686621 713 92
11.3758636 713 92
11.3830570 713 92
11.3902598 713 92
11.3974657 713 92
11.4046674 713 92
11.4118632 713 92
11.4190541 713 92
11.4262583 713 92
11.4334490 713 92
11.4406696 713 92
11.4478615 713 92
11.4550680 713 92
11.4622726 713 92
11.4694942 713 92
11.4766986 713 92
11.4838990 713 92
11.4910982 713 92
11.4982875 713 92
11.5055078 713 92
11.5127149 713 92
11.5199158 713 92
11.5271072 713 92
11.5342968 714 92
11.5415014 714 92
11.5487191 714 92
11.5559130 714 92
11.5631192 714 92
11.5703243 714 92
11.5774993 714 92
11.5846950 714 92
11.5919134 714 92
11.5991255 714 92
11.6063271 714 92
11.6135315 714 92
11.6207234 714 92
11.6279379 714 92
11.6351341 714 92
11.6423106 714 92
11.6495173 714 92
11.6567103 714 92
11.6639124 714 92
11.6711204 714 92
11.6783204 714 92
11.6855023 714 92
11.6926886 714 92
11.6999069 714 92
11.7070913 714 92
11.7142935 714 92
11.7214921 714 92
11.7286745 714 92
11.7358653 714 92
11.7430615 714 92
11.7502550 714 92
11.7574659 714 92
11.7646854 714 92
11.7718919 714 92
11.7791067 714 92
11.7863082 715 92
11.7935253 715 92
11.8007366 715 92
11.8079333 715 92
11.8151216 715 92
11.8223390 715 92
11.8295302 715 92
11.8367327 715 92
11.8439079 715 92
11.8510827 715 92
11.8583020 715 92
11.8654826 715 92
11.8726799 715 92
11.8798855 715 92
11.8870896 715 92
11.8942913 715 92
11.9014889 715 93
11.9086929 715 93
11.9159010 715 93
11.9231096 715 93
11.9303019 715 93
11.9374822 715 93
11.9446908 715 93
11.9519083 715 93
11.9591089 715 93
11.9663193 715 93
11.9735143 715 93
11.9807095 715 93
11.9879254 715 93
11.9951233 715 93
12.0023305 715 93
12.0095445 715 93
12.0167439 715 93
12.0239266 715 93
12.0311058 715 93
12.0382811 716 93
12.0454570 716 93
12.0526573 716 93
12.0598321 716 93
12.0670249 716 93
12.0742125 716 93
12.0814135 716 93
12.0885985 716 93
12.0957923 716 93
12.1030221 716 93
12.1102317 716 93
12.1174410 716 93
12.1246253 716 93
12.1318262 716 93
12.1390268 716 93
12.1462375 716 93
12.1534567 716 93
12.1606664 716 93
12.1678669 716 93
12.1750663 716 93
12.1822637 716 93
12.1894810 716 93
12.1966670 716 93
12.2038637 716 93
12.2110458 716 93
12.2182627 716 93
12.2254818 716 93
12.2327062 716 93
12.2398892 716 93
12.2471032 716 93
12.2543048 716 93
12.2615166 716 93
12.2687114 716 93
12.2759106 716 93
12.2830952 716 93
12.2902956 717 93
12.2975076 717 93
12.3047160 717 93
12.3118969 717 93
12.3190764 717 93
12.3262845 717 93
12.3335072 717 93
12.3407054 717 93
12.3478744 717 93
12.3550632 717 93
12.3622549 717 93
12.3694663 717 93
12.3766476 717 93
12.3838226 717 93
12.3909995 717 93
12.3981606 717 93
12.4053511 717 93
12.4125612 717 93
12.4197697 717 93
12.4269788 717 93
12.4341766 717 93
12.4413866 717 93
12.4485627 717 93
12.4557617 717 93
12.4629623 717 93
12.4701631 717 93
12.4773671 717 93
12.4845669 717 93
12.4917800 717 93
12.4989749 717 93
12.5061794 717 93
12.5133641 717 93
12.5205486 717 93
12.5277575 717 93
12.5349450 717 93
12.5421406 718 93
12.5493368 718 93
12.5565375 718 93
12.5637298 718 93
12.5709513 718 93
12.5781433 718 93
12.5853303 718 93
12.5925094 718 93
12.5997303 718 93
12.6069381 718 93
12.6141386 718 93
12.6213373 718 93
12.6285228 718 93
12.6357264 718 93
12.6429244 718 93
12.6501277 718 93
12.6573305 718 93
12.6645275 718 93
12.6717265 718 93
12.6789273 718 93
12.6861172 718 93
12.6933176 718 93
12.7005193 718 93
12.7077132 718 93
12.7148846 718 93
12.7220795 718 93
12.7292758 718 93
12.7364825 718 93
12.7436958 718 93
12.7508731 718 93
12.7580677 718 93
12.7652396 718 93
12.7724459 718 93
12.7796456 718 93
12.7868555 719 93
12.7940520 719 93
12.8012702 719 93
12.8084678 719 93
12.8156794 719 93
12.8228865 719 93
12.8300615 719 93
12.8372547 719 93
12.8444500 719 93
12.8516595 719 93
12.8588669 719 93
12.8660587 719 93
12.8732600 719 93
12.8804470 719 93
12.8876511 719 93
12.8948223 719 93
12.9020333 719 93
12.9092123 719 93
12.9164085 719 93
12.9236119 719 93
12.9307986 719 93
12.9379818 719 93
12.9451733 719 93
12.9523611 719 93
12.9595475 719 93
12.9667625 719 93
12.9739695 719 93
12.9811719 719 93
12.9883681 719 93
12.9955454 719 93
13.0027355 719 93
13.0099451 719 93
13.0171176 719 93
13.0243408 719 93
13.0315593 719 93
13.0387648 720 93
13.0459727 720 93
13.0531685 720 93
13.0603756 720 93
13.0675801 720 93
13.0747669 720 93
13.0819465 720 93
13.0891419 720 93
13.0963663 720 93
13.1035792 720 93
13.1107644 720 93
13.1179800 720 93
13.1251895 720 93
13.1323811 720 93
13.1395698 720 93
13.1467671 720 93
13.1539686 720 93
13.1611901 720 93
13.1683727 720 93
13.1755597 720 93
13.1827497 720 93
13.1899444 720 93
13.1971149 720 93
13.2043162 720 93
13.2115096 720 93
13.2187120 720 93
13.2259213 720 93
13.2330911 720 93
13.2402940 720 93
13.2474962 720 93
13.2547109 720 93
13.2619171 720 93
13.2691442 720 93
13.2763329 720 93
13.2835421 720 93
13.2907555 721 93
13.2979616 721 93
13.3051661 721 93
13.3123713 721 93
13.3195542 721 93
13.3267502 721 93
13.3339409 721 93
13.3411506 721 93
13.3483471 721 93
13.3555467 721 93
13.3627501 721 93
13.3699592 721 93
13.3771704 721 93
13.3843509 721 93
13.3915543 721 93
13.3987672 721 93
13.4059635 721 93
13.4131792 721 93
13.4203744 721 93
13.4275728 721 93
13.4347622 721 93
13.4419674 721 93
13.4491757 721 93
13.4563795 721 93
13.4635804 721 93
13.4708078 721 93
13.4779957 721 93
13.4851778 721 93
13.4924168 721 93
13.4996192 721 93
13.5068092 721 93
13.5140148 721 93
13.5212164 721 93
13.5284182 721 93
13.5356318 721 93
13.5428366 722 93
13.5500236 722 93
13.5572165 722 93
13.5644273 722 93
13.5716130 722 93
13.5788118 722 93
13.5860059 722 93
13.5931823 722 93
13.6004119 722 93
13.6076321 722 93
13.6148543 722 93
13.6220500 722 93
13.6292535 722 93
13.6364415 722 93
13.6436490 722 93
13.6508527 722 93
13.6580485 722 93
13.6652484 722 93
13.6724415 722 93
13.6796465 722 93
13.6868552 722 93
13.6940422 722 93
13.7012415 722 93
13.7084434 722 93
13.7156683 722 93
13.7228735 722 93
13.7301002 722 93
13.7372963 722 93
13.7444837 722 93
13.7516678 722 93
13.7588821 722 93
13.7660962 722 93
13.7732866 722 93
13.7805050 722 93
13.7876920 723 93
13.7948829 723 93
13.8020857 723 93
13.8092762 723 93
13.8164810 723 93
13.8236920 723 93
13.8309090 723 93
13.8381041 723 93
13.8453070 723 93
13.8525115 723 93
13.8597111 723 93
13.8669079 723 93
13.8741085 723 93
13.8813195 723 93
13.8885038 723 93
13.8957062 723 93
13.9028831 723 93
13.9100806 723 93
13.9172827 723 93
13.9244728 723 93
13.9316672 723 93
13.9388709 723 93
13.9460586 723 93
13.9532552 723 93
13.9604423 723 93
13.9676428 723 93
13.9748322 723 93
13.9820346 723 93
13.9892226 723 93
13.9964461 723 93
14.0036544 723 93
14.0108462 723 93
14.0180559 723 93
14.0252550 723 93
14.0324740 723 93
14.0396807 724 93
14.0468697 724 93
14.0540668 724 93
14.0612738 724 93
14.0684534 724 93
14.0756497 724 93
14.0828371 724 93
14.0900451 724 93
14.0972557 724 93
14.1044550 724 93
14.1116796 724 93
14.1188530 724 93
14.1260432 724 93
14.1332513 724 93
14.1404592 724 93
14.1476629 724 93
14.1548688 724 93
14.1620758 724 93
14.1692926 724 93
14.1764780 724 93
14.1836769 724 93
14.1908684 724 93
14.1980653 724 93
14.2052391 724 93
14.2124276 724 93
14.2196303 724 93
14.2268349 724 93
14.2340459 724 93
14.2412376 724 93
14.2484537 724 93
14.2556487 724 93
14.2628338 724 93
14.2700421 724 93
14.2772598 724 93
14.2844736 724 93
14.2917022 725 93
14.2989213 725 93
14.3061371 725 93
14.3133385 725 93
14.3205336 725 93
14.3277389 725 93
14.3349580 725 93
14.3421896 725 93
14.3493913 725 93
14.3565985 725 93
14.3638058 725 93
14.3710090 725 93
14.3782022 725 93
14.3853928 725 93
14.3926024 725 93
14.3998136 725 93
14.4070194 725 93
14.4142160 725 93
14.4213925 725 93
14.4286019 725 93
14.4357924 725 93
14.4430047 725 93
14.4502115 725 93
14.4573894 725 93
14.4646171 725 93
14.4718111 725 93
14.4790204 725 93
14.4862128 725 93
14.4934091 725 93
14.5006089 725 93
14.5078139 725 93
14.5150224 725 93
14.5222481 725 93
14.5294820 725 93
14.5366906 726 93
14.5438991 726 93
14.5511116 726 93
14.5583217 726 93
14.5655242 726 93
14.5727217 726 93
14.5799167 726 93
14.5871244 726 93
14.5943190 726 93
14.6015146 726 93
14.6086994 726 93
14.6159174 726 93
14.6231201 726 93
14.6303315 726 93
14.6375441 726 93
14.6447270 726 93
14.6519238 726 94
14.6591124 726 94
14.6663064 726 94
14.6734961 726 94
14.6806936 726 94
14.6878905 726 94
14.6950971 726 94
14.7022822 726 94
14.7094568 726 94
14.7166622 726 94
14.7238654 726 94
14.7310570 726 94
14.7382519 726 94
14.7454535 726 94
14.7526500 726 94
14.7598686 726 94
14.7670655 726 94
14.7742672 726 94
14.7814624 726 94
14.7886740 746 94
14.7958707 746 94
14.8030671 746 94
14.8102707 746 94
14.8174710 746 94
14.8246762 746 94
14.8318936 746 94
14.8390776 746 94
14.8462699 746 94
14.8534750 746 94
14.8606836 746 94
14.8678782 746 94
14.8750827 746 94
14.8822896 746 94
14.8894930 746 94
14.8966969 746 94
14.9038683 746 94
14.9110660 746 94
14.9182707 746 94
14.9254805 746 94
14.9326791 746 94
14.9398985 746 94
14.9471099 746 94
14.9542961 746 94
14.9614990 746 94
14.9687064 746 94
14.9758979 746 94
14.9830929 746 94
14.9902870 746 94
14.9974806 746 94
15.0046963 746 94
15.0119472 746 94
15.0191494 746 94
15.0263501 746 94
15.0335492 747 94
15.0407550 747 94
15.0479476 747 94
15.0551359 747 94
15.0623240 747 94
15.0695370 747 94
15.0767426 747 94
15.0839377 747 94
15.0911305 747 94
15.0983437 747 94
15.1055644 747 94
15.1127751 747 94
15.1199596 747 94
15.1271607 747 94
15.1343588 747 94
15.1415622 747 94
15.1487506 747 94
15.1559495 747 94
15.1631640 747 94
15.1703715 757 94
15.1775749 757 94
15.1847651 757 94
15.1919489 757 94
15.1991491 757 94
15.2063485 757 94
15.2135389 757 94
15.2207421 757 94
15.2279318 757 94
15.2351318 757 94
15.2423227 757 94
15.2495094 757 94
15.2567273 757 94
15.2639264 757 94
15.2711293 757 94
15.2783232 757 94
15.2855377 757 94
15.2927368 758 94
15.2999153 758 94
15.3071290 758 94
15.3143474 758 94
15.3215588 758 94
15.3287529 758 94
15.3359569 758 94
15.3431441 758 94
15.3503344 758 94
15.3575559 758 94
15.3647847 758 94
15.3719539 758 94
15.3791615 758 94
15.3863510 758 94
15.3935517 758 94
15.4007700 758 94
15.4079809 758 94
15.4151911 758 94
15.4223982 758 94
15.4295999 758 94
15.4367992 758 94
15.4440018 758 94
15.4512184 758 94
15.4584175 758 94
15.4656222 758 94
15.4728263 758 94
15.4800201 758 94
15.4872110 758 94
15.4944168 758 94
15.5016257 758 94
15.5088302 758 94
15.5160337 758 94
15.5232311 758 94
15.5304353 758 94
15.5376347 759 94
15.5448257 759 94
15.5520281 759 94
15.5592194 759 94
15.5664395 759 94
15.5736398 759 94
15.5808500 759 94
15.5880369 759 94
15.5952498 759 94
15.6024455 759 94
15.6096412 759 94
15.6168201 759 94
15.6240066 759 94
15.6312091 759 94
15.6384128 759 94
15.6456139 759 94
15.6528244 759 94
15.6600156 759 94
15.6672256 759 94
15.6744464 759 94
15.6816461 759 94
15.6888514 759 94
15.6960593 759 94
15.7032440 759 94
15.7104266 759 94
15.7176296 759 94
15.7248257 759 94
15.7320100 759 94
15.7392014 759 94
15.7463798 759 94
15.7535714 759 94
15.7607617 759 94
15.7679893 759 94
15.7751820 759 94
15.7823661 759 94
15.7895631 760 94
15.7967657 760 94
15.8039635 760 94
15.8111555 760 94
15.8183377 760 94
15.8255449 760 94
15.8327545 760 94
15.8399529 760 94
15.8471404 760 94
15.8543460 760 94
15.8615729 760 94
15.8687849 760 94
15.8759928 760 94
15.8831777 760 94
15.8903579 760 94
15.8975734 760 94
15.9047728 760 94
15.9119824 760 94
15.9191713 760 94
15.9263882 760 94
15.9336059 760 94
15.9408047 760 94
15.9479906 760 94
15.9552231 760 94
15.9624492 760 94
15.9696425 760 94
15.9768458 760 94
15.9840360 760 94
15.9912370 760 94
15.9984425 760 94
16.0056294 760 94
16.0128145 760 94
16.0200201 760 94
16.0272081 760 94
16.0344063 760 94
16.0416198 761 94
16.0488050 761 94
16.0560218 761 94
16.0632244 761 94
16.0704226 761 94
16.0776329 761 94
16.0848369 761 94
16.0920431 761 94
16.0992591 761 94
16.1064603 761 94
16.1136551 761 94
16.1208787 761 94
16.1280879 761 94
16.1353073 761 94
16.1425498 761 94
16.1497763 761 94
16.1569583 761 94
16.1641506 761 94
16.1713502 761 94
16.1785398 761 94
16.1857399 761 94
16.1929411 761 94
16.2001442 761 94
16.2073496 761 94
16.2145502 761 94
16.2217665 761 94
16.2289684 761 94
16.2361725 761 94
16.2433990 761 94
16.2505914 761 94
16.2577887 761 94
16.2649942 761 94
16.2721863 761 94
16.2793933 761 94
16.2866057 761 94
16.2937990 762 94
16.3009810 762 94
16.3081833 762 94
16.3153996 762 94
16.3226019 762 94
16.3297735 762 94
16.3369733 762 94
16.3441761 762 94
16.3514183 762 94
16.3586074 762 94
16.3657980 762 94
16.3729722 762 94
16.3801686 762 94
16.3873546 762 94
16.3945481 762 94
16.4017476 762 94
16.4089329 762 94
16.4161316 762 94
16.4233241 762 94
16.4304976 762 94
16.4376872 762 94
16.4448896 762 94
16.4521066 762 94
16.4592912 762 94
16.4664799 762 94
16.4736835 762 94
16.4808807 762 94
16.4880875 762 94
16.4953032 762 94
16.5025092 762 94
16.5096881 762 94
16.5168994 762 94
16.5240834 762 94
16.5312737 762 94
16.5384860 762 94
16.5456560 763 94
16.5528668 763 94
16.5600861 763 94
16.5673005 763 94
16.5745037 763 94
16.5817096 763 94
16.5889275 763 94
16.5961506 763 94
16.6033430 763 94
16.6105591 763 94
16.6177588 763 94
16.6249445 763 94
16.6321408 763 94
16.6393469 763 94
16.6465516 763 94
16.6537630 763 94
16.6609567 763 94
16.6681518 763 94
16.6753569 763 94
16.6825476 763 94
16.6897567 763 94
16.6969623 763 94
16.7041475 763 94
16.7113132 763 94
16.7185085 763 94
16.7257260 763 94
16.7329347 763 94
16.7401354 763 94
16.7473461 763 94
16.7545381 763 94
16.7617184 763 94
16.7689171 763 94
16.7761163 763 94
16.7833129 763 94
16.7905353 763 94
16.7977403 764 94
16.8049612 764 94
16.8121338 764 94
16.8193231 764 94
16.8265374 764 94
16.8337302 764 94
16.8409353 764 94
16.8481275 764 94
16.8553430 764 94
16.8625158 764 94
16.8697121 764 94
16.8768879 764 94
16.8840780 764 94
16.8912793 764 94
16.8984745 764 94
16.9056727 764 94
16.9128766 764 94
16.9200356 764 94
16.9272224 764 94
16.9344359 764 94
16.9416400 764 94
16.9488448 764 94
16.9560458 764 94
16.9632631 764 94
16.9704651 764 94
16.9776596 764 94
16.9848500 764 94
16.9920441 764 94
16.9992742 764 94
17.0064815 764 94
17.0136734 764 94
17.0208831 764 94
17.0280862 764 94
17.0352818 764 94
17.0425124 764 94
17.0497145 765 94
17.0569052 765 94
17.0641017 765 94
17.0713085 765 94
17.0785072 765 94
17.0857143 765 94
17.0929011 765 94
17.1000894 765 94
17.1072937 765 94
17.1144843 765 94
17.1216834 765 94
17.1288972 765 94
17.1360771 765 94
17.1432565 765 94
17.1504593 765 94
17.1576441 765 94
17.1648336 765 94
17.1720394 765 94
17.1792530 765 94
17.1864796 765 94
17.1936479 765 94
17.2008408 765 94
17.2080385 765 94
17.2152537 765 94
17.2224290 765 94
17.2296303 765 94
17.2368092 765 94
17.2440188 765 94
17.2512252 765 94
17.2584234 765 94
17.2656187 765 94
17.2728105 765 94
17.2800196 765 94
17.2872061 765 94
17.2944360 765 94
17.3016691 766 94
17.3088692 766 94
17.3160679 766 94
17.3232644 766 94
17.3304610 766 94
17.3376646 766 94
17.3448860 766 94
17.3520767 766 94
17.3592560 766 94
17.3664579 766 94
17.3736502 766 94
17.3808721 766 94
17.3880713 766 94
17.3952835 766 94
17.4024870 766 94
17.4096909 766 94
17.4168965 766 94
17.4240809 766 94
17.4312797 766 94
17.4384682 766 94
17.4456629 766 94
17.4528590 766 94
17.4600507 766 94
17.4672460 766 94
17.4744314 766 94
17.4816026 766 94
17.4887833 766 94
17.4959841 766 94
17.5032081 766 94
17.5104305 766 94
17.5176572 766 94
17.5248802 766 94
17.5320953 766 94
17.5393016 766 94
17.5465180 767 94
17.5537287 767 94
17.5609241 767 94
17.5681522 767 94
17.5753514 767 94
17.5825568 767 94
17.5897665 792 94
17.5969869 792 94
17.6041743 792 94
17.6113651 792 94
17.6185469 792 94
17.6257451 792 94
17.6329470 792 94
17.6401627 792 94
17.6473697 792 94
17.6545659 792 94
17.6617523 792 94
17.6689527 792 94
17.6761404 792 94
17.6833742 792 94
17.6905804 792 94
17.6977884 792 94
17.7050092 792 94
17.7122065 792 94
17.7194018 792 94
17.7266107 792 94
17.7337999 792 94
17.7409881 792 94
17.7481889 792 94
17.7553958 792 94
17.7625718 792 94
17.7697745 792 94
17.7769745 792 94
17.7841837 792 94
17.7913835 792 94
17.7985809 793 94
17.8057692 793 94
17.8129648 793 94
17.8201650 793 94
17.8273697 793 94
17.8345832 793 94
17.8417759 793 94
17.8489887 793 94
17.8561676 793 94
17.8633645 793 94
17.8705846 793 94
17.8777835 793 94
17.8849855 793 94
17.8921812 793 94
17.8994022 793 94
17.9065933 793 94
17.9137941 793 94
17.9210133 793 94
17.9282196 793 94
17.9354365 793 94
17.9426193 793 94
17.9498162 793 94
17.9570119 793 94
17.9642097 793 94
17.9714059 793 94
17.9786104 793 94
17.9858195 793 94
17.9930199 793 94
18.0002158 793 94
18.0074046 793 94
18.0145870 793 94
18.0217736 793 94
18.0289454 793 94
18.0361723 793 94
18.0433642 793 94
18.0505724 794 94
18.0577655 794 94
18.0649681 794 94
18.0721525 794 94
18.0793735 794 94
18.0865788 794 94
18.0937792 794 94
18.1009700 794 94
18.1081747 794 94
18.1153615 794 94
18.1225622 794 94
18.1297356 794 94
18.1369423 794 94
18.1441443 794 94
18.1513334 794 94
18.1585382 794 94
18.1657444 794 94
18.1729153 794 94
18.1801046 794 94
18.1872915 794 94
18.1944863 794 94
18.2016792 794 94
18.2088700 794 94
18.2160368 794 94
18.2232485 794 94
18.2304233 794 94
18.2376028 794 94
18.2447790 794 94
18.2519666 794 94
18.2591627 794 94
18.2663645 794 94
18.2735726 794 94
18.2807713 794 94
18.2879834 794 94
18.2951986 794 94
18.3023987 795 94
18.3096154 795 94
18.3168086 795 94
18.3240043 795 94
18.3312240 795 94
18.3384299 795 94
18.3456402 795 94
18.3528420 795 94
18.3600347 795 94
18.3672251 795 94
18.3744042 795 94
18.3816307 795 94
18.3888301 795 94
18.3960357 795 94
18.4032391 795 94
18.4104608 795 94
18.4176433 795 94
18.4248499 795 94
18.4320487 795 94
18.4392561 795 94
18.4464544 795 94
18.4536349 795 94
18.4608230 795 94
18.4680181 795 94
18.4752303 795 94
18.4824187 795 94
18.4896028 795 94
18.4968125 795 94
18.5040041 795 94
18.5112099 795 94
18.5183795 795 94
18.5255877 795 94
18.5327909 795 94
18.5400007 795 94
18.5472181 796 94
18.5544059 796 94
18.5615905 796 94
18.5688014 796 94
18.5760044 796 94
18.5832131 796 94
18.5904164 796 94
18.5976248 796 94
18.6048400 796 94
18.6120565 796 94
18.6192637 796 94
18.6264741 796 94
18.6336705 796 94
18.6408605 796 94
18.6480803 796 94
18.6552642 796 94
18.6624770 796 94
18.6697036 796 94
18.6768847 796 94
18.6840814 796 94
18.6912772 796 94
18.6984741 796 94
18.7056869 796 94
18.7128990 796 94
18.7201300 796 94
18.7273090 796 94
18.7345005 796 94
18.7417165 796 94
18.7489104 796 94
18.7560829 796 94
18.7632846 796 94
18.7704858 796 94
18.7776877 796 94
18.7848762 796 94
18.7920767 796 94
18.7992866 797 94
18.8064951 797 94
18.8136841 797 94
18.8208894 797 94
18.8280902 797 94
18.8352957 797 94
18.8424872 797 94
18.8496794 797 94
18.8568710 797 94
18.8640726 797 94
18.8712745 797 94
18.8784863 797 94
18.8856860 797 94
18.8928878 797 94
18.9000841 797 94
18.9072911 797 94
18.9144835 797 94
18.9216688 797 94
18.9288766 797 94
18.9360847 797 94
18.9432818 797 94
18.9504676 797 94
18.9576575 797 94
18.9648321 797 94
18.9720212 797 94
18.9792272 797 94
18.9864236 797 94
18.9936233 797 94
19.0008235 797 94
19.0080321 797 94
19.0152538 797 94
19.0224501 797 94
19.0296567 797 94
19.0368659 797 94
19.0440515 797 94
19.0512639 798 94
19.0584879 798 94
19.0656959 798 94
19.0729044 798 94
19.0801114 798 94
19.0873256 798 94
19.0945413 798 94
19.1017332 798 94
19.1089210 798 94
19.1161375 798 94
19.1233644 798 94
19.1305627 798 94
19.1377405 798 94
19.1449576 798 94
19.1521557 798 94
19.1593297 798 94
19.1665339 798 94
19.1737414 798 94
19.1809423 798 94
19.1881450 798 94
19.1953169 798 94
19.2025023 798 94
19.2097082 798 94
19.2169086 798 94
19.2241059 798 94
19.2312799 798 94
19.2384734 798 94
19.2456781 798 94
19.2528679 798 94
19.2600785 798 94
19.2672741 798 94
19.2744739 798 94
19.2816562 798 94
19.2888456 798 94
19.2960531 798 94
19.3032449 798 94
19.3104402 798 94
19.3176556 798 94
19.3248640 798 94
19.3320766 798 94
19.3392900 798 94
19.3465015 798 94
19.3537044 798 94
19.3609188 798 94
19.3681087 798 94
19.3752983 798 94
19.3824921 798 94
19.3896997 798 94
19.3968893 798 94
19.4040667 798 94
19.4112737 798 94
19.4184639 798 94
19.4256594 798 94
19.4328812 798 94
19.4400859 798 94
19.4472997 798 94
19.4545025 798 94
19.4616726 798 94
19.4688792 798 94
19.4760789 798 94
19.4832772 798 94
19.4904584 798 94
19.4976629 798 94
19.5048621 798 94
19.5120824 798 94
19.5192927 798 94
19.5264946 798 94
19.5337055 798 94
19.5409184 798 94
19.5481307 798 94
19.5553414 798 94
19.5625386 798 94
19.5697343 798 94
19.5769189 798 94
19.5840924 798 94
19.5912874 798 94
19.5984728 798 94
19.6056881 798 94
19.6128888 798 94
19.6200947 798 94
19.6272856 798 94
19.6344931 798 94
19.6416775 798 94
19.6488907 798 94
19.6560873 798 94
19.6632894 798 94
19.6704427 798 94
19.6776437 798 94
19.6848286 798 94
19.6920406 798 94
19.6992525 798 94
19.7064339 798 94
19.7136155 798 94
19.7208276 798 94
19.7280432 798 94
19.7352245 798 94
19.7424339 798 94
19.7496598 798 94
19.7568541 798 94
19.7640441 798 94
19.7712567 798 94
19.7784584 798 94
19.7856788 798 94
19.7929018 798 94
19.8001145 798 94
19.8073214 798 94
19.8145164 798 94
19.8217088 798 94
19.8288995 798 94
19.8361020 798 94
19.8432928 798 94
19.8504900 798 94
19.8576819 798 94
19.8648866 798 94
19.8720831 798 94
19.8792874 798 94
19.8864745 798 94
19.8936683 798 94
19.9008756 798 94
19.9080633 798 94
19.9152527 798 94
19.9224351 798 94
19.9296312 798 94
19.9368315 798 94
19.9440437 798 94
19.9512514 798 94
19.9584562 798 94
19.9656616 798 94
19.9728649 798 94
19.9800604 798 94
19.9872649 798 94
19.9944983 798 94
20.0016848 798 94
20.0088757 798 94
20.0160776 798 94
20.0232748 798 94
20.0304904 798 94
20.0376781 798 94
20.0448793 798 94
20.0520744 798 94
20.0592671 798 94
20.0664862 798 94
20.0736550 798 94
20.0808299 798 94
20.0880361 798 94
20.0952535 798 94
20.1024425 798 94
20.1096363 798 94
20.1168354 798 94
20.1240342 798 94
20.1312361 798 94
20.1384422 798 94
20.1456453 798 94
20.1528396 798 94
20.1600328 798 94
20.1672484 798 94
20.1744498 798 94
20.1816622 798 94
20.1888741 798 94
20.1960589 798 94
20.2032634 798 94
20.2104633 798 94
20.2176750 798 94
20.2248676 798 94
20.2320631 798 94
20.2392653 798 94
20.2464738 798 94
20.2536753 798 94
20.2608866 798 94
20.2680932 798 94
20.2753009 798 94
20.2825008 798 94
20.2896957 798 94
20.2969044 798 94
20.3040777 798 94
20.3112701 798 94
20.3184835 798 94
20.3256632 798 94
20.3328508 798 94
20.3400458 798 94
20.3472725 798 94
20.3544811 798 94
20.3617080 798 94
20.3688982 798 94
20.3761111 798 94
20.3833161 798 94
20.3905157 798 94
20.3977163 798 94
20.4049191 798 94
20.4121384 798 94
20.4193362 798 94
20.4265479 798 95
20.4337734 798 95
20.4409754 798 95
20.4481713 798 95
20.4553770 798 95
20.4625877 798 95
20.4697892 798 95
20.4769744 798 95
20.4841723 798 95
20.4913558 798 95
20.4985513 798 95
20.5057316 798 95
20.5129305 798 95
20.5201357 798 95
20.5273606 798 95
20.5345759 798 95
20.5418008 798 95
20.5490155 798 95
20.5562172 798 95
20.5634100 798 95
20.5706062 798 95
20.5778075 798 95
20.5849880 798 95
20.5921753 798 95
20.5993798 798 95
20.6065713 798 95
20.6137583 798 95
20.6209668 798 95
20.6281632 798 95
20.6353569 798 95
20.6425595 798 95
20.6497536 798 95
20.6569608 798 95
20.6641736 798 95
20.6713537 798 95
20.6785616 798 95
20.6857471 798 95
20.6929388 798 95
20.7001543 798 95
20.7073428 798 95
20.7145210 798 95
20.7217123 798 95
20.7288961 798 95
20.7360883 798 95
20.7432920 798 95
20.7505030 798 95
20.7577260 798 95
20.7649273 798 95
20.7721149 798 95
20.7793339 798 95
20.7865305 798 95
20.7937401 798 95
20.8009409 798 95
20.8081390 798 95
20.8153348 798 95
20.8225224 798 95
20.8297182 798 95
20.8369008 798 95
20.8441198 798 95
20.8513216 798 95
20.8585195 798 95
20.8657348 798 95
20.8729275 798 95
20.8801158 798 95
20.8873002 798 95
20.8944919 798 95
20.9016846 798 95
20.9089152 798 95
20.9161113 798 95
20.9232975 798 95
20.9305002 798 95
20.9377085 798 95
20.9448981 798 95
20.9520762 798 95
20.9592755 798 95
20.9664574 798 95
20.9736502 798 95
20.9808451 798 95
20.9880372 798 95
20.9952295 798 95
21.0024365 798 95
21.0096328 798 95
21.0168463 798 95
21.0240300 798 95
21.0312401 798 95
21.0384374 798 95
21.0456514 798 95
21.0528375 798 95
21.0600410 798 95
21.0672503 798 95
21.0744511 798 95
21.0816375 798 95
21.0888420 798 95
21.0960285 798 95
21.1032175 798 95
21.1104202 798 95
21.1176208 798 95
21.1247906 798 95
21.1319818 798 95
21.1391719 798 95
21.1463740 798 95
21.1535916 798 95
21.1608165 798 95
21.1679963 798 95
21.1752155 798 95
21.1824297 798 95
21.1896255 798 95
21.1968267 798 95
21.2040351 798 95
21.2112579 798 95
21.2184562 798 95
21.2256637 798 95
21.2328679 798 95
21.2400632 798 95
21.2472577 798 95
21.2544535 798 95
21.2616425 798 95
21.2688551 798 95
21.2760679 798 95
21.2832928 798 95
21.2904813 798 95
21.2977072 798 95
21.3049025 798 95
21.3120839 798 95
21.3192791 798 95
21.3264719 798 95
21.3336435 798 95
21.3408448 798 95
21.3480310 798 95
21.3552394 798 95
21.3624324 798 95
21.3696025 798 95
21.3767862 798 95
21.3840084 798 95
21.3911900 798 95
21.3983911 798 95
21.4055723 798 95
21.4127574 798 95
21.4199683 798 95
21.4271799 798 95
21.4343594 798 95
21.4415608 798 95
21.4487597 798 95
21.4559622 798 95
21.4631506 798 95
21.4703604 798 95
21.4775696 798 95
21.4847637 798 95
21.4919790 798 95
21.4991655 798 95
21.5063719 798 95
21.5135638 798 95
21.5207548 798 95
21.5279369 798 95
21.5351370 798 95
21.5423334 798 95
21.5495249 798 95
21.5567504 798 95
21.5639549 798 95
21.5711632 798 95
21.5783777 798 95
21.5855830 798 95
21.5927617 798 95
21.5999609 798 95
21.6071538 798 95
21.6143588 798 95
21.6215761 798 95
21.6287614 798 95
21.6359690 798 95
21.6432020 798 95
21.6504114 798 95
21.6575979 798 95
21.6647865 798 95
21.6719972 798 95
21.6791979 798 95
21.6864109 798 95
21.6936163 798 95
21.7008274 798 95
21.7080168 798 95
21.7152175 798 95
21.7224401 798 95
21.7296236 798 95
21.7368226 798 95
21.7440158 798 95
21.7512026 798 95
21.7583867 798 95
21.7655867 798 95
21.7727916 798 95
21.7800008 798 95
21.7872149 798 95
21.7944138 798 95
21.8015787 798 95
21.8087722 798 95
21.8159501 798 95
21.8231514 798 95
21.8303454 798 95
21.8375419 798 95
21.8447421 798 95
21.8519486 798 95
21.8591534 798 95
21.8663621 798 95
21.8735889 798 95
21.8808051 798 95
21.8879939 798 95
21.8952029 798 95
21.9023780 798 95
21.9095843 798 95
21.9167657 798 95
21.9239530 798 95
21.9311345 798 95
21.9383109 798 95
21.9455106 798 95
21.9527118 798 95
21.9599039 798 95
21.9670995 798 95
21.9743296 798 95
21.9815257 798 95
21.9887158 798 95
21.9958884 798 95
22.0030810 798 95
22.0102951 798 95
22.0174932 798 95
22.0246863 798 95
22.0318894 798 95
22.0390828 798 95
22.0462919 798 95
22.0535036 798 95
22.0606873 798 95
22.0678865 798 95
22.0750935 798 95
22.0822882 798 95
22.0894866 798 95
22.0967077 798 95
22.1038900 798 95
22.1110804 798 95
22.1182733 798 95
22.1254825 798 95
22.1326796 798 95
22.1398846 798 95
22.1470880 798 95
22.1542828 798 95
22.1614891 798 95
22.1687143 798 95
22.1759262 798 95
22.1831334 798 95
22.1903143 798 95
22.1975164 798 95
22.2046942 798 95
22.2119060 798 95
22.2190869 798 95
22.2262771 798 95
22.2334758 798 95
22.2406800 798 95
22.2478707 798 95
22.2550803 798 95
22.2622758 798 95
22.2694527 798 95
22.2766594 798 95
22.2838746 798 95
22.2910784 798 95
22.2983005 798 95
22.3054850 798 95
22.3126787 798 95
22.3198892 798 95
22.3270876 798 95
22.3342902 798 95
22.3414962 798 95
22.3487251 798 95
22.3559125 798 95
22.3630999 798 95
22.3703128 798 95
22.3774994 798 95
22.3846890 798 95
22.3918838 798 95
22.3990917 798 95
22.4062787 798 95
22.4134916 798 95
22.4206937 798 95
22.4278992 798 95
22.4351080 798 95
22.4423091 798 95
22.4495097 798 95
22.4567163 798 95
22.4639250 798 95
22.4711329 798 95
22.4783311 798 95
22.4855262 798 95
22.4927422 798 95
22.4999353 798 95
22.5071362 798 95
22.5143257 798 95
22.5215222 798 95
22.5287386 798 95
22.5359377 798 95
22.5431475 798 95
22.5503475 798 95
22.5575508 798 95
22.5647449 798 95
22.5719564 798 95
22.5791703 798 95
22.5863705 798 95
22.5935952 798 95
22.6008283 798 95
22.6080276 798 95
22.6152451 798 95
22.6224327 798 95
22.6296418 798 95
22.6368410 798 95
22.6440404 798 95
22.6512047 798 95
22.6584007 798 95
22.6656032 798 95
22.6728154 798 95
22.6800182 798 95
22.6872144 798 95
22.6944137 798 95
22.7016037 798 95
22.7088120 798 95
22.7159955 798 95
22.7232104 798 95
22.7303926 798 95
22.7375761 798 95
22.7447813 798 95
22.7519960 798 95
22.7591763 798 95
22.7663806 798 95
22.7735721 798 95
22.7807797 798 95
22.7879628 798 95
22.7951613 798 95
22.8023652 798 95
22.8095728 798 95
22.8167801 798 95
22.8239683 798 95
22.8311806 798 95
22.8383855 798 95
22.8455920 798 95
22.8528098 798 95
22.8600175 798 95
22.8672194 798 95
22.8743945 798 95
22.8815957 798 95
22.8887834 798 95
22.8959947 798 95
22.9031987 798 95
22.9104034 798 95
22.9175919 798 95
22.9248059 798 95
22.9319960 798 95
22.9392122 798 95
22.9464173 798 95
22.9536359 798 95
22.9608206 798 95
22.9680197 798 95
22.9752020 798 95
22.9824120 798 95
22.9896451 798 95
22.9968649 798 95
23.0040609 798 95
23.0112697 798 95
23.0184687 798 95
23.0256566 798 95
23.0328491 798 95
23.0400315 798 95
23.0472476 798 95
23.0544748 798 95
23.0616877 798 95
23.0688989 798 95
23.0761096 798 95
23.0832993 798 95
23.0904756 798 95
23.0976849 798 95
23.1048737 798 95
23.1120665 798 95
23.1192623 798 95
23.1264544 798 95
23.1336497 798 95
23.1408565 798 95
23.1480566 798 95
23.1552779 798 95
23.1624925 798 95
23.1696959 798 95
23.1768753 798 95
23.1840625 798 95
23.1912641 798 95
23.1984470 798 95
23.2056282 798 95
23.2128079 798 95
23.2200102 798 95
23.2272037 798 95
23.2343959 798 95
23.2415919 798 95
23.2487684 798 95
23.2559639 798 95
23.2631723 798 95
23.2703594 798 95
23.2775811 798 95
23.2847877 798 95
23.2920090 798 95
23.2991876 798 95
23.3064034 798 95
23.3136040 798 95
23.3208009 798 95
23.3280077 798 95
23.3352138 798 95
23.3424150 798 95
23.3496037 798 95
23.3567995 798 95
23.3640093 798 95
23.3712113 798 95
23.3784119 798 95
23.3856298 798 95
23.3928435 798 95
23.4000403 798 95
23.4072647 798 95
23.4144722 798 95
23.4216994 798 95
23.4288989 798 95
23.4360827 798 95
23.4432859 798 95
23.4504934 798 95
23.4576839 798 95
23.4648955 798 95
23.4721138 798 95
23.4792884 798 95
23.4864609 798 95
23.4936801 798 95
23.5008776 798 95
23.5080725 798 95
23.5152847 798 95
23.5224670 798 95
23.5296608 798 95
23.5368790 798 95
23.5440710 798 95
23.5512913 798 95
23.5584807 798 95
23.5656889 798 95
23.5728840 798 95
23.5800873 798 95
23.5872719 798 95
23.5944764 798 95
23.6016869 798 95
23.6088861 798 95
23.6160887 798 95
23.6232962 798 95
23.6304870 798 95
23.6377024 798 95
23.6448952 798 95
23.6520735 798 95
23.6592792 798 95
23.6664845 798 95
23.6736905 798 95
23.6808887 798 95
23.6880799 798 95
23.6952827 798 95
23.7024911 798 95
23.7096763 798 95
23.7168703 798 95
23.7240675 798 95
23.7312526 798 95
23.7384432 798 95
23.7456394 798 95
23.7528438 798 95
23.7600416 798 95
23.7672502 798 95
23.7744760 798 95
23.7816755 798 95
23.7888861 798 95
23.7960854 798 95
23.8032927 798 95
23.8104994 798 95
23.8177105 798 95
23.8249170 798 95
23.8321202 798 95
23.8393161 798 95
23.8465255 798 95
23.8537200 798 95
23.8609314 798 95
23.8681092 798 95
23.8753121 798 95
23.8825148 798 95
23.8897035 798 95
23.8969068 798 95
23.9040807 798 95
23.9112712 798 95
23.9184645 798 95
23.9256677 798 95
23.9328885 798 95
23.9401064 798 95
23.9473067 798 95
23.9545123 798 95
23.9617205 798 95
23.9689154 798 95
23.9761075 798 95
23.9833000 798 95
23.9905089 798 95
23.9977230 798 95
24.0000000 798 95
