readelf
0.0000522 156
0.0072622 307 60
0.0144080 317 60
0.0216093 326 61
0.0287987 336 61
0.0360063 346 61
0.0432224 356 61
0.0504468 365 62
0.0576645 375 62
0.0648611 385 62
0.0720681 394 62
0.0792499 403 62
0.0864429 413 63
0.0936572 422 63
0.1008711 431 63
0.1080815 440 63
0.1152917 449 64
0.1224907 458 64
0.1296834 467 65
0.1368827 476 65
0.1441112 485 65
0.1513069 494 65
0.1585247 502 66
0.1657219 511 67
0.1729340 519 67
0.1801313 528 68
0.1873211 536 69
0.1945152 545 69
0.2017238 553 71
0.2089454 561 71
0.2161690 569 71
0.2233916 577 71
0.2305830 585 71
0.2377924 593 72
0.2449822 601 72
0.2521781 609 74
0.2593854 617 76
0.2665842 625 76
0.2737760 633 77
0.2809781 640 78
0.2881934 648 78
0.2953946 655 79
0.3025923 663 79
0.3098069 670 80
0.3170091 678 80
0.3242024 685 80
0.3314113 692 80
0.3386089 700 80
0.3457941 707 80
0.3530032 714 81
0.3602143 721 82
0.3674245 728 82
0.3746139 735 82
0.3818067 742 82
0.3890101 749 83
0.3962234 756 85
0.4034226 762 85
0.4106128 769 85
0.4178340 776 85
0.4250454 782 85
0.4322384 789 86
0.4394421 796 86
0.4466160 802 86
0.4538005 808 86
0.4609909 815 86
0.4681735 821 87
0.4754023 828 89
0.4826091 834 89
0.4897938 840 89
0.4969960 846 89
0.5042048 852 90
0.5113876 858 90
0.5185835 864 90
0.5257597 870 90
0.5329653 876 90
0.5401622 882 90
0.5473471 888 90
0.5545467 894 91
0.5617657 900 91
0.5689806 905 92
0.5761737 911 92
0.5833575 917 92
0.5905772 922 92
0.5977895 928 92
0.6049860 934 92
0.6122073 939 92
0.6194131 945 93
0.6266329 950 93
0.6338292 955 93
0.6410379 961 93
0.6482271 966 93
0.6554246 971 93
0.6626344 976 93
0.6698504 982 93
0.6770348 987 93
0.6842295 992 94
0.6914301 997 94
0.6986105 1002 94
0.7058370 1007 94
0.7130496 1012 94
0.7202677 1017 94
0.7274712 1022 94
0.7346690 1027 95
0.7418650 1032 95
0.7490674 1036 95
0.7562517 1041 95
0.7634609 1046 95
0.7706726 1051 95
0.7778714 1055 95
0.7850529 1060 95
0.7922373 1064 95
0.7994539 1069 95
0.8066791 1074 95
0.8138859 1078 95
0.8210829 1083 95
0.8282498 1087 95
0.8354505 1091 96
0.8426302 1096 96
0.8498196 1100 96
0.8570199 1104 96
0.8642026 1109 96
0.8714087 1113 96
0.8786109 1117 96
0.8858134 1121 96
0.8930079 1125 97
0.9002124 1129 97
0.9074267 1134 97
0.9146240 1138 97
0.9218459 1142 97
0.9290500 1146 97
0.9362538 1150 97
0.9434698 1154 97
0.9506645 1158 97
0.9578853 1161 97
0.9650847 1165 98
0.9722968 1169 99
0.9795029 1173 99
0.9866967 1177 99
0.9938799 1180 99
1.0010914 1184 99
1.0082869 1188 99
1.0154923 1192 99
1.0226636 1195 100
1.0298648 1199 100
1.0370876 1202 100
1.0442786 1206 100
1.0514888 1210 100
1.0587035 1213 100
1.0658912 1217 100
1.0730948 1220 100
1.0802975 1224 100
1.0875082 1227 100
1.0947111 1230 100
1.1019052 1234 100
1.1091257 1237 100
1.1163261 1240 100
1.1235345 1244 100
1.1307206 1247 100
1.1379252 1250 100
1.1451138 1253 100
1.1523328 1257 100
1.1595444 1260 100
1.1667400 1263 100
1.1739354 1266 100
1.1811377 1269 100
1.1883525 1272 100
1.1955610 1275 100
1.2027763 1278 100
1.2099631 1281 100
1.2171593 1284 100
1.2243433 1287 100
1.2315319 1290 100
1.2387341 1293 100
1.2459438 1296 100
1.2531267 1299 101
1.2603096 1302 101
1.2675053 1305 101
1.2747077 1308 101
1.2819122 1311 101
1.2891224 1313 101
1.2963205 1316 101
1.3035106 1319 101
1.3107104 1322 101
1.3178863 1324 101
1.3251037 1327 101
1.3323107 1330 101
1.3395088 1332 101
1.3467027 1335 101
1.3538989 1338 101
1.3611082 1340 101
1.3683111 1343 101
1.3755208 1345 101
1.3827339 1348 101
1.3899413 1350 101
1.3971450 1353 101
1.4043450 1355 101
1.4115550 1358 101
1.4187436 1360 101
1.4259445 1363 101
1.4331493 1365 101
1.4403616 1368 101
1.4475504 1370 102
1.4547573 1372 102
1.4619780 1375 102
1.4691756 1377 102
1.4763913 1379 102
1.4835918 1382 102
1.4907842 1384 102
1.4979724 1386 102
1.5051789 1388 102
1.5123756 1391 102
1.5195625 1393 102
1.5267591 1395 102
1.5339679 1397 102
1.5411742 1399 102
1.5483829 1402 102
1.5555903 1404 102
1.5627659 1406 102
1.5699768 1408 102
1.5771749 1410 102
1.5843769 1412 102
1.5915665 1414 102
1.5987634 1416 102
1.6059706 1418 102
1.6131674 1420 102
1.6203735 1422 102
1.6275773 1424 102
1.6347946 1426 102
1.6419769 1428 102
1.6491649 1430 102
1.6563528 1432 102
1.6635354 1434 102
1.6707393 1436 102
1.6779392 1438 102
1.6851312 1440 102
1.6923245 1442 102
1.6995285 1443 102
1.7067048 1445 102
1.7138970 1447 102
1.7211183 1449 102
1.7283152 1451 102
1.7355174 1453 102
1.7427198 1454 102
1.7499303 1456 102
1.7571354 1458 102
1.7643411 1460 102
1.7715366 1461 103
1.7787616 1463 103
1.7859701 1465 103
1.7931672 1466 103
1.8003705 1468 103
1.8075712 1470 103
1.8147968 1471 103
1.8219856 1473 103
1.8291820 1475 103
1.8364133 1476 103
1.8436152 1478 103
1.8508270 1479 103
1.8580290 1481 103
1.8652277 1483 103
1.8723951 1484 103
1.8795935 1486 103
1.8867962 1487 103
1.8940005 1489 103
1.9012110 1490 103
1.9084211 1492 103
1.9156259 1493 103
1.9228366 1495 103
1.9300424 1496 103
1.9372366 1498 103
1.9444249 1499 103
1.9516069 1501 103
1.9588158 1502 103
1.9660097 1503 103
1.9732023 1505 103
1.9804110 1506 104
1.9876393 1508 104
1.9948301 1509 104
2.0020321 1510 104
2.0092338 1512 104
2.0164385 1513 104
2.0236394 1514 104
2.0308332 1516 104
2.0380151 1517 104
2.0452023 1518 104
2.0524011 1520 104
2.0595949 1521 105
2.0667960 1522 105
2.0740083 1524 105
2.0811762 1525 105
2.0883689 1526 106
2.0955624 1527 106
2.1027537 1529 106
2.1099827 1530 106
2.1171892 1531 106
2.1243961 1532 106
2.1315955 1533 106
2.1387887 1535 106
2.1459964 1536 106
2.1532006 1537 106
2.1604022 1538 106
2.1676237 1539 106
2.1748385 1541 106
2.1820366 1542 106
2.1892213 1543 106
2.1964221 1544 106
2.2036080 1545 107
2.2108284 1546 107
2.2180218 1547 107
2.2251981 1548 107
2.2323877 1549 107
2.2395573 1551 107
2.2467599 1552 107
2.2539676 1553 107
2.2611558 1554 107
2.2683523 1555 108
2.2755268 1556 108
2.2827097 1557 108
2.2898960 1558 108
2.2971100 1559 108
2.3042898 1560 108
2.3114824 1561 108
2.3186995 1562 108
2.3258868 1563 108
2.3330928 1564 108
2.3403018 1565 108
2.3474899 1566 108
2.3546749 1567 108
2.3618737 1568 108
2.3690562 1569 108
2.3762528 1570 108
2.3834701 1571 108
2.3906891 1571 108
2.3978850 1572 108
2.4050853 1573 108
2.4122765 1574 108
2.4194634 1575 108
2.4266635 1576 108
2.4338754 1577 108
2.4410775 1578 108
2.4482709 1579 108
2.4554427 1580 109
2.4626470 1580 109
2.4698352 1581 110
2.4770348 1582 110
2.4842394 1583 110
2.4914587 1584 110
2.4986572 1585 110
2.5058585 1585 110
2.5130696 1586 111
2.5202834 1587 111
2.5274578 1588 111
2.5346843 1589 111
2.5418893 1590 111
2.5490943 1590 111
2.5563002 1591 111
2.5634852 1592 111
2.5706643 1593 111
2.5778783 1593 111
2.5850693 1594 111
2.5922554 1595 111
2.5994486 1596 111
2.6066361 1596 111
2.6138502 1597 111
2.6210291 1598 111
2.6282174 1599 111
2.6354231 1599 111
2.6426414 1600 111
2.6498364 1601 111
2.6570122 1602 111
2.6642137 1602 111
2.6714162 1603 111
2.6786173 1604 111
2.6858078 1604 111
2.6930176 1605 111
2.7002348 1606 111
2.7074384 1606 111
2.7146507 1607 111
2.7218502 1608 111
2.7290466 1608 111
2.7362311 1609 111
2.7434451 1610 111
2.7506414 1610 111
2.7578417 1611 111
2.7650430 1612 111
2.7722257 1612 111
2.7794353 1613 111
2.7866216 1613 111
2.7938205 1614 111
2.8010304 1615 111
2.8082303 1615 111
2.8154521 1616 111
2.8226385 1617 111
2.8298425 1617 111
2.8370501 1618 111
2.8442279 1618 111
2.8514263 1619 111
2.8586189 1620 111
2.8658300 1620 111
2.8730207 1621 111
2.8802382 1621 111
2.8874340 1622 111
2.8946295 1622 111
2.9018213 1623 111
2.9090076 1623 111
2.9161880 1624 111
2.9233936 1625 111
2.9305930 1625 111
2.9377741 1626 111
2.9449794 1626 111
2.9521862 1627 111
2.9593840 1627 111
2.9665974 1628 111
2.9737813 1628 111
2.9809683 1629 111
2.9881616 1629 111
2.9953754 1630 111
3.0025719 1630 111
3.0097679 1631 111
3.0169908 1631 111
3.0241889 1632 111
3.0313988 1632 111
3.0385988 1633 111
3.0458027 1633 111
3.0530031 1634 111
3.0601854 1634 111
3.0673664 1635 111
3.0745670 1635 111
3.0817552 1636 111
3.0889691 1636 111
3.0961583 1637 111
3.1033764 1637 111
3.1105733 1637 111
3.1177632 1638 111
3.1249584 1638 111
3.1321450 1639 111
3.1393478 1639 111
3.1465517 1640 111
3.1537634 1640 111
3.1609786 1640 111
3.1681694 1641 111
3.1753683 1641 111
3.1825727 1642 111
3.1897966 1642 111
3.1969949 1643 111
3.2041983 1643 111
3.2114017 1643 111
3.2185770 1644 111
3.2257900 1644 111
3.2329917 1645 111
3.2401818 1645 111
3.2473873 1645 111
3.2546207 1646 111
3.2618238 1646 111
3.2690202 1647 111
3.2762171 1647 111
3.2834108 1647 111
3.2906374 1648 111
3.2978372 1648 111
3.3050351 1648 111
3.3122341 1649 111
3.3194317 1649 111
3.3266469 1650 111
3.3338484 1650 111
3.3410506 1650 111
3.3482570 1651 111
3.3554890 1651 112
3.3626972 1651 112
3.3698989 1652 112
3.3770979 1652 112
3.3842932 1652 112
3.3914978 1653 112
3.3986779 1653 112
3.4058680 1653 112
3.4130555 1654 112
3.4202339 1654 112
3.4274351 1654 112
3.4346185 1655 112
3.4418178 1655 112
3.4490194 1655 112
3.4562162 1656 112
3.4634105 1656 112
3.4706111 1656 112
3.4777800 1657 112
3.4849779 1657 112
3.4921502 1657 112
3.4993390 1658 112
3.5065360 1658 112
3.5137272 1658 112
3.5208854 1658 112
3.5281045 1659 112
3.5352921 1659 112
3.5425095 1659 112
3.5497025 1660 112
3.5568998 1660 112
3.5640975 1660 112
3.5712854 1661 112
3.5784948 1661 112
3.5856718 1661 112
3.5928818 1661 112
3.6000877 1662 112
3.6073052 1662 112
3.6144968 1662 112
3.6216812 1662 112
3.6288947 1663 112
3.6360861 1663 112
3.6433100 1663 112
3.6505223 1664 112
3.6577286 1664 112
3.6649212 1664 112
3.6721060 1664 112
3.6792857 1665 112
3.6864933 1665 112
3.6936841 1665 112
3.7008712 1665 112
3.7080642 1666 112
3.7152830 1666 112
3.7224883 1666 112
3.7296824 1666 112
3.7368815 1667 112
3.7440591 1667 112
3.7512628 1667 112
3.7584669 1667 112
3.7656831 1668 112
3.7728730 1668 112
3.7800827 1668 112
3.7872697 1668 113
3.7944723 1668 113
3.8016797 1669 113
3.8088784 1669 113
3.8160622 1669 113
3.8232488 1669 113
3.8304314 1670 113
3.8376219 1670 113
3.8448240 1670 113
3.8520242 1670 113
3.8592387 1670 113
3.8664284 1671 113
3.8736284 1671 113
3.8808132 1671 113
3.8880099 1671 113
3.8952021 1671 113
3.9024031 1672 113
3.9095966 1672 113
3.9167953 1672 113
3.9240152 1672 113
3.9312005 1672 113
3.9384085 1673 113
3.9456227 1673 113
3.9528498 1673 113
3.9600165 1673 113
3.9672282 1673 114
3.9744252 1674 114
3.9815979 1674 114
3.9887897 1674 114
3.9959979 1674 114
4.0031901 1674 114
4.0103866 1675 115
4.0175792 1675 115
4.0247572 1675 115
4.0319558 1675 115
4.0391584 1675 115
4.0463545 1675 115
4.0535462 1676 115
4.0607329 1676 115
4.0679298 1676 115
4.0751449 1676 115
4.0823654 1676 115
4.0895710 1677 115
4.0967841 1677 115
4.1039968 1677 115
4.1112039 1677 115
4.1184071 1677 115
4.1256324 1677 115
4.1328453 1677 115
4.1400482 1678 115
4.1472511 1678 115
4.1544537 1678 115
4.1616565 1678 116
4.1688383 1678 116
4.1760435 1678 116
4.1832263 1679 116
4.1904334 1679 116
4.1976508 1679 116
4.2048519 1679 116
4.2120612 1679 116
4.2192658 1679 116
4.2264713 1680 116
4.2336914 1680 116
4.2408982 1680 116
4.2480944 1680 116
4.2552726 1680 116
4.2624876 1680 117
4.2696698 1680 117
4.2768858 1681 117
4.2840739 1681 117
4.2912866 1681 117
4.2985006 1681 117
4.3057082 1681 117
4.3129151 1681 117
4.3201072 1681 117
4.3273069 1681 117
4.3344943 1682 117
4.3416958 1682 117
4.3488897 1682 117
4.3560702 1682 117
4.3632616 1682 118
4.3704942 1682 118
4.3776876 1682 118
4.3848831 1683 118
4.3920792 1683 118
4.3992930 1683 118
4.4065184 1683 118
4.4137074 1683 118
4.4209013 1683 118
4.4280852 1683 118
4.4353033 1683 118
4.4425192 1684 118
4.4497076 1684 118
4.4569073 1684 118
4.4641058 1684 118
4.4712829 1684 118
4.4784885 1684 118
4.4857071 1684 118
4.4928892 1684 118
4.5000993 1684 118
4.5073183 1685 118
4.5145050 1685 118
4.5217119 1685 118
4.5289107 1685 118
4.5361044 1685 118
4.5432980 1685 118
4.5505023 1685 118
4.5577021 1685 118
4.5648881 1685 118
4.5721112 1686 118
4.5793080 1686 118
4.5864945 1686 118
4.5937092 1686 118
4.6009054 1686 118
4.6080895 1686 118
4.6152814 1686 118
4.6224716 1686 118
4.6296598 1686 118
4.6368451 1686 118
4.6440326 1687 118
4.6512202 1687 118
4.6583941 1687 118
4.6655557 1687 118
4.6727311 1687 118
4.6799309 1687 118
4.6871237 1687 118
4.6943108 1687 118
4.7015145 1687 118
4.7087082 1687 118
4.7158977 1688 118
4.7231061 1688 118
4.7303033 1688 118
4.7374962 1688 118
4.7447004 1688 118
4.7518990 1688 118
4.7590890 1688 118
4.7663108 1688 118
4.7735054 1688 118
4.7806955 1688 118
4.7878583 1688 118
4.7950603 1689 118
4.8022552 1689 118
4.8094645 1689 118
4.8166596 1689 118
4.8238675 1689 118
4.8310842 1689 118
4.8382793 1689 118
4.8454716 1689 119
4.8526720 1689 119
4.8598729 1689 119
4.8670815 1689 119
4.8742704 1689 119
4.8814906 1690 119
4.8886949 1690 119
4.8959051 1690 119
4.9031099 1690 119
4.9103205 1690 119
4.9175235 1690 119
4.9247119 1690 119
4.9319138 1690 119
4.9391146 1690 119
4.9463254 1690 119
4.9535369 1690 119
4.9607312 1690 119
4.9679535 1690 119
4.9751411 1691 119
4.9823345 1691 119
4.9895244 1691 119
4.9967395 1691 119
5.0039464 1691 119
5.0111375 1691 119
5.0183137 1691 119
5.0255057 1691 119
5.0327112 1691 119
5.0399058 1691 119
5.0470863 1691 119
5.0542848 1691 119
5.0614934 1691 119
5.0686605 1691 119
5.0758548 1692 119
5.0830385 1692 119
5.0902472 1692 119
5.0974480 1692 119
5.1046552 1692 119
5.1118608 1692 119
5.1190644 1692 119
5.1262513 1692 119
5.1334534 1692 119
5.1406500 1692 119
5.1478523 1692 119
5.1550514 1692 119
5.1622531 1692 119
5.1694381 1692 119
5.1766348 1692 119
5.1838447 1693 119
5.1910505 1693 119
5.1982438 1693 119
5.2054452 1693 119
5.2126604 1693 119
5.2198630 1693 119
5.2270793 1693 119
5.2343161 1693 119
5.2414869 1693 119
5.2486673 1693 119
5.2558645 1693 119
5.2630558 1693 119
5.2702651 1693 119
5.2774871 1693 119
5.2846908 1693 119
5.2918865 1693 119
5.2990815 1694 119
5.3063017 1694 119
5.3135112 1694 119
5.3207058 1694 119
5.3279171 1694 119
5.3350978 1694 119
5.3422974 1694 119
5.3494846 1694 119
5.3566702 1694 119
5.3638683 1694 119
5.3710748 1694 119
5.3782927 1694 119
5.3855000 1694 119
5.3927000 1694 119
5.3998877 1694 119
5.4070990 1694 119
5.4143103 1694 119
5.4215195 1694 119
5.4287236 1695 119
5.4359294 1695 119
5.4431118 1695 119
5.4503197 1695 119
5.4575081 1695 119
5.4647050 1695 119
5.4718880 1695 119
5.4790848 1695 119
5.4862853 1695 119
5.4935008 1695 119
5.5007161 1695 119
5.5079094 1695 119
5.5150996 1695 119
5.5222862 1695 119
5.5294812 1695 119
5.5366954 1695 119
5.5438886 1695 119
5.5511024 1695 119
5.5583138 1695 119
5.5655378 1695 119
5.5727411 1696 119
5.5799488 1696 119
5.5871639 1696 119
5.5943765 1696 119
5.6016011 1696 119
5.6088202 1696 119
5.6160093 1696 119
5.6232001 1696 119
5.6303746 1696 119
5.6375933 1696 119
5.6447946 1696 119
5.6519982 1696 119
5.6592058 1696 119
5.6663956 1696 119
5.6735785 1696 119
5.6807834 1696 119
5.6879908 1696 119
5.6952163 1696 119
5.7024186 1696 119
5.7095984 1696 119
5.7167991 1696 119
5.7239828 1696 119
5.7311816 1697 119
5.7383759 1697 119
5.7455845 1697 119
5.7527993 1697 119
5.7600005 1697 119
5.7671983 1697 119
5.7744030 1697 119
5.7815976 1697 119
5.7888049 1697 119
5.7959984 1697 119
5.8031829 1697 119
5.8103663 1697 119
5.8175802 1697 119
5.8247838 1697 119
5.8320017 1697 119
5.8391831 1697 119
5.8463783 1697 120
5.8535899 1697 120
5.8607716 1697 120
5.8679710 1697 120
5.8751685 1697 120
5.8823645 1697 120
5.8895508 1697 120
5.8967402 1697 120
5.9039160 1697 120
5.9110937 1698 120
5.9182990 1698 120
5.9254967 1698 120
5.9326970 1698 120
5.9398781 1698 120
5.9470726 1698 120
5.9542950 1698 120
5.9614945 1698 120
5.9686897 1698 120
5.9758825 1698 120
5.9830745 1698 120
5.9902493 1698 120
5.9974636 1698 120
6.0046430 1698 120
6.0118233 1698 120
6.0190307 1698 120
6.0262155 1698 120
6.0334170 1698 120
6.0406246 1698 120
6.0478298 1698 120
6.0550150 1698 120
6.0622108 1698 120
6.0694215 1698 120
6.0766343 1698 120
6.0838260 1698 120
6.0910205 1698 120
6.0982321 1698 120
6.1054039 1699 120
6.1126102 1699 120
6.1198345 1699 120
6.1270140 1699 120
6.1342140 1699 120
6.1414221 1699 120
6.1486199 1699 120
6.1558290 1699 120
6.1630465 1699 120
6.1702567 1699 120
6.1774497 1699 120
6.1846314 1699 120
6.1918534 1699 120
6.1990769 1699 120
6.2062755 1699 120
6.2134431 1699 120
6.2206282 1699 120
6.2278218 1699 120
6.2350486 1699 120
6.2422682 1699 120
6.2494485 1699 120
6.2566423 1699 120
6.2638269 1699 120
6.2710287 1699 120
6.2782107 1699 120
6.2854036 1699 120
6.2925963 1699 120
6.2998064 1699 120
6.3070094 1699 120
6.3142101 1699 120
6.3213868 1699 121
6.3285955 1700 121
6.3357803 1700 121
6.3429712 1700 121
6.3501585 1700 121
6.3573583 1700 121
6.3645518 1700 121
6.3717640 1700 121
6.3789544 1700 121
6.3861750 1700 121
6.3933579 1700 121
6.4005720 1700 121
6.4077961 1700 121
6.4150078 1700 121
6.4222082 1700 121
6.4294059 1700 121
6.4366075 1700 121
6.4438134 1700 121
6.4510120 1700 121
6.4582314 1700 121
6.4654347 1700 121
6.4726403 1700 121
6.4798378 1700 121
6.4870264 1700 121
6.4942596 1700 121
6.5014486 1700 121
6.5086505 1700 121
6.5158235 1700 121
6.5230198 1700 121
6.5302164 1700 121
6.5374189 1700 121
6.5446133 1700 121
6.5518008 1700 121
6.5590058 1700 121
6.5662264 1700 121
6.5734212 1701 121
6.5806026 1701 121
6.5878141 1701 121
6.5950064 1701 121
6.6022183 1701 121
6.6094365 1701 121
6.6166347 1701 121
6.6238258 1701 121
6.6310148 1701 121
6.6382262 1701 121
6.6454268 1701 121
6.6526403 1701 121
6.6598533 1701 121
6.6670629 1701 121
6.6742505 1701 121
6.6814476 1701 121
6.6886335 1701 121
6.6958343 1701 121
6.7030424 1701 121
6.7102259 1701 121
6.7174272 1701 121
6.7246283 1701 121
6.7318377 1701 121
6.7390442 1701 121
6.7462473 1701 121
6.7534354 1701 121
6.7606356 1701 121
6.7678607 1701 121
6.7750400 1701 121
6.7822399 1701 121
6.7894452 1701 121
6.7966684 1701 121
6.8038720 1701 121
6.8110624 1701 121
6.8182548 1701 121
6.8254522 1702 121
6.8326649 1702 121
6.8398546 1702 121
6.8470492 1702 121
6.8542474 1702 121
6.8614570 1702 121
6.8686452 1702 121
6.8758318 1702 121
6.8830202 1702 121
6.8902224 1702 121
6.8974223 1702 121
6.9046177 1702 121
6.9118261 1702 121
6.9190337 1702 121
6.9262471 1702 121
6.9334513 1702 121
6.9406396 1702 121
6.9478631 1702 121
6.9550690 1702 121
6.9622749 1702 121
6.9694659 1702 121
6.9766504 1702 121
6.9838408 1702 121
6.9910402 1702 121
6.9982505 1702 121
7.0054456 1702 121
7.0126388 1702 121
7.0198445 1702 121
7.0270296 1702 121
7.0342404 1702 121
7.0414424 1702 121
7.0486256 1702 121
7.0558389 1702 121
7.0630467 1702 121
7.0702726 1702 121
7.0774666 1703 121
7.0846614 1703 121
7.0918815 1703 121
7.0990687 1703 121
7.1062622 1703 121
7.1134631 1703 121
7.1206684 1703 121
7.1278684 1703 121
7.1350683 1703 121
7.1422601 1703 121
7.1494512 1703 121
7.1566449 1703 122
7.1638392 1703 122
7.1710194 1703 122
7.1782073 1703 122
7.1854074 1703 122
7.1926136 1703 122
7.1998277 1703 122
7.2070104 1703 122
7.2142056 1703 122
7.2214221 1703 122
7.2286057 1703 122
7.2357977 1703 122
7.2429864 1703 122
7.2501788 1703 122
7.2573959 1703 122
7.2645894 1703 122
7.2717937 1703 122
7.2790013 1703 122
7.2861945 1703 122
7.2933742 1703 122
7.3005785 1703 122
7.3077854 1703 122
7.3149899 1703 122
7.3221943 1703 122
7.3294067 1704 122
7.3366048 1704 122
7.3438300 1704 122
7.3510363 1704 122
7.3582474 1704 122
7.3654603 1704 122
7.3726463 1704 122
7.3798550 1704 122
7.3870507 1704 122
7.3942523 1704 122
7.4014554 1704 122
7.4086372 1704 122
7.4158318 1704 122
7.4230441 1704 122
7.4302574 1704 122
7.4374608 1704 122
7.4446204 1704 122
7.4518217 1704 122
7.4590142 1704 122
7.4662221 1704 122
7.4734446 1704 122
7.4806431 1704 122
7.4878360 1704 122
7.4950367 1704 122
7.5022415 1704 122
7.5094268 1704 122
7.5166104 1704 122
7.5238026 1704 122
7.5310077 1704 122
7.5382112 1704 122
7.5454156 1704 122
7.5526037 1704 122
7.5597972 1704 122
7.5670067 1704 122
7.5741999 1705 122
7.5813914 1705 122
7.5885940 1705 122
7.5958121 1705 122
7.6030164 1705 122
7.6102136 1705 122
7.6174045 1705 122
7.6246119 1705 122
7.6317996 1705 122
7.6389867 1705 122
7.6461911 1705 122
7.6533953 1705 122
7.6605896 1705 122
7.6677884 1705 122
7.6749805 1705 122
7.6821840 1705 122
7.6893957 1705 122
7.6965922 1705 122
7.7037819 1705 122
7.7109809 1705 122
7.7181848 1705 122
7.7254054 1705 122
7.7326057 1705 122
7.7398275 1705 122
7.7470211 1705 122
7.7542175 1705 122
7.7614233 1705 123
7.7686195 1705 123
7.7758303 1705 123
7.7830322 1705 123
7.7902378 1705 123
7.7974530 1705 123
7.8046411 1705 123
7.8118528 1705 123
7.8190481 1705 123
7.8262381 1706 123
7.8334361 1706 123
7.8406545 1706 123
7.8478487 1706 123
7.8550336 1706 123
7.8622354 1706 123
7.8694299 1706 123
7.8766319 1706 123
7.8838131 1706 123
7.8910224 1706 123
7.8982265 1706 123
7.9054332 1706 123
7.9126320 1706 123
7.9198512 1706 123
7.9270504 1706 123
7.9342478 1706 123
7.9414705 1706 123
7.9486587 1706 123
7.9558723 1706 123
7.9630646 1706 123
7.9702773 1706 123
7.9774586 1706 123
7.9846626 1706 123
7.9918655 1706 123
7.9990744 1706 123
8.0062693 1706 123
8.0134731 1706 123
8.0206873 1706 123
8.0278964 1706 123
8.0350831 1706 123
8.0422905 1706 123
8.0495080 1706 123
8.0567026 1706 123
8.0639068 1706 123
8.0710838 1706 123
8.0782804 1707 123
8.0854759 1707 123
8.0926662 1707 123
8.0998502 1707 123
8.1070416 1707 123
8.1142315 1707 123
8.1214342 1707 123
8.1286470 1707 123
8.1358475 1707 123
8.1430312 1707 123
8.1502328 1707 123
8.1574306 1707 123
8.1646465 1707 123
8.1718509 1707 123
8.1790458 1707 123
8.1862639 1707 123
8.1934696 1707 123
8.2006891 1707 123
8.2078850 1707 124
8.2150541 1707 124
8.2222236 1707 124
8.2294281 1707 124
8.2366336 1707 124
8.2438236 1707 124
8.2510216 1707 124
8.2582161 1707 124
8.2654298 1707 124
8.2726356 1707 124
8.2798424 1707 124
8.2870337 1707 124
8.2942455 1707 124
8.3014343 1707 124
8.3086152 1707 124
8.3158055 1707 124
8.3230221 1707 124
8.3302255 1708 124
8.3374162 1708 124
8.3446129 1708 124
8.3518121 1708 124
8.3590063 1708 124
8.3661985 1708 124
8.3733863 1708 124
8.3805788 1708 124
8.3877887 1708 124
8.3949854 1708 124
8.4021949 1708 124
8.4093911 1708 124
8.4166027 1708 124
8.4238099 1708 124
8.4310181 1708 124
8.4381936 1708 124
8.4453914 1708 124
8.4526043 1708 124
8.4597934 1708 124
8.4669950 1708 124
8.4741965 1708 124
8.4813943 1708 124
8.4885956 1708 124
8.4957900 1708 124
8.5029927 1708 124
8.5101616 1708 124
8.5173663 1708 124
8.5245774 1708 124
8.5317837 1708 124
8.5389697 1708 124
8.5461535 1708 124
8.5533585 1708 124
8.5605636 1708 124
8.5677572 1708 124
8.5749638 1709 124
8.5821769 1709 124
8.5893848 1709 124
8.5965968 1709 124
8.6038059 1709 124
8.6110046 1709 124
8.6181978 1709 124
8.6253995 1709 124
8.6326006 1709 124
8.6398018 1709 124
8.6470087 1709 124
8.6542221 1709 124
8.6614139 1709 124
8.6686372 1709 124
8.6758643 1709 124
8.6830631 1709 124
8.6902600 1709 124
8.6974694 1709 124
8.7046548 1709 124
8.7118505 1709 124
8.7190561 1709 124
8.7262518 1709 124
8.7334416 1709 124
8.7406409 1709 124
8.7478609 1709 124
8.7550744 1709 124
8.7622730 1709 124
8.7694600 1709 124
8.7766480 1709 124
8.7838431 1709 124
8.7910636 1709 124
8.7982799 1709 124
8.8054809 1709 124
8.8127061 1709 124
8.8199304 1709 124
8.8271265 1710 124
8.8343341 1710 124
8.8415688 1710 124
8.8487612 1710 124
8.8559765 1710 124
8.8631829 1710 124
8.8704098 1710 124
8.8776150 1710 124
8.8848116 1710 124
8.8920266 1710 124
8.8992403 1710 124
8.9064638 1710 124
8.9136612 1710 124
8.9208493 1710 124
8.9280457 1710 124
8.9352296 1710 124
8.9424032 1710 124
8.9496011 1710 124
8.9567864 1710 124
8.9639804 1710 124
8.9711776 1710 124
8.9783571 1710 124
8.9855586 1710 124
8.9927652 1710 124
8.9999620 1710 124
9.0071850 1710 124
9.0143873 1710 124
9.0215885 1710 124
9.0287712 1710 124
9.0359638 1710 124
9.0431970 1710 124
9.0503779 1710 124
9.0575707 1710 124
9.0647546 1710 124
9.0719668 1710 124
9.0791369 1711 124
9.0863585 1711 124
9.0935544 1711 124
9.1007651 1711 124
9.1079687 1711 124
9.1151697 1711 124
9.1223701 1711 124
9.1295645 1711 124
9.1367511 1711 124
9.1439684 1711 124
9.1511688 1711 124
9.1583630 1711 124
9.1655562 1711 124
9.1727487 1711 124
9.1799676 1711 124
9.1871827 1711 124
9.1943691 1711 124
9.2015761 1711 124
9.2087641 1711 124
9.2159569 1711 124
9.2231588 1711 124
9.2303838 1711 124
9.2376025 1711 124
9.2448173 1711 124
9.2520062 1711 124
9.2591909 1711 124
9.2664156 1711 124
9.2736050 1711 124
9.2808174 1711 124
9.2880134 1711 124
9.2951988 1711 124
9.3023919 1711 124
9.3095968 1711 124
9.3167841 1711 124
9.3239904 1711 124
9.3311921 1712 124
9.3383934 1712 124
9.3456159 1712 124
9.3528304 1712 124
9.3600147 1712 124
9.3672080 1712 125
9.3744254 1712 125
9.3816313 1712 125
9.3888063 1712 125
9.3960041 1712 125
9.4032107 1712 125
9.4104159 1712 125
9.4176077 1712 125
9.4248186 1712 125
9.4320342 1712 125
9.4392259 1712 125
9.4464324 1712 125
9.4536345 1712 125
9.4608391 1712 125
9.4680280 1712 125
9.4752029 1712 125
9.4823970 1712 125
9.4895976 1712 125
9.4968131 1712 125
9.5039995 1712 125
9.5112082 1712 125
9.5184064 1712 125
9.5256129 1712 125
9.5328345 1712 125
9.5400354 1712 125
9.5472542 1712 125
9.5544564 1712 125
9.5616406 1712 125
9.5688297 1712 125
9.5760432 1712 125
9.5832488 1713 125
9.5904589 1713 125
9.5976624 1713 125
9.6048715 1713 125
9.6120640 1713 125
9.6192715 1713 125
9.6264809 1713 125
9.6336764 1713 125
9.6408540 1713 125
9.6480476 1713 125
9.6552383 1713 125
9.6624244 1713 125
9.6696235 1713 125
9.6767993 1713 125
9.6840105 1713 125
9.6911969 1713 125
9.6983797 1713 125
9.7055943 1713 125
9.7127928 1713 125
9.7199943 1713 125
9.7272080 1713 125
9.7343943 1713 125
9.7416014 1713 125
9.7488029 1713 125
9.7559850 1713 125
9.7631903 1713 125
9.7703987 1713 125
9.7775919 1713 125
9.7847798 1713 125
9.7919728 1713 125
9.7991677 1713 125
9.8063605 1713 125
9.8135631 1713 125
9.8207587 1713 125
9.8279547 1714 125
9.8351621 1714 125
9.8423686 1714 125
9.8495618 1714 125
9.8567625 1714 125
9.8639753 1714 125
9.8711768 1714 125
9.8783761 1714 125
9.8855598 1714 125
9.8927555 1714 125
9.8999704 1714 125
9.9071429 1714 125
9.9143424 1714 125
9.9215531 1714 125
9.9287667 1714 125
9.9359506 1714 125
9.9431552 1714 125
9.9503645 1714 125
9.9575502 1714 125
9.9647564 1714 125
9.9719568 1714 125
9.9791725 1714 125
9.9863749 1714 125
9.9935955 1714 125
10.0007931 1714 125
10.0079961 1714 125
10.0151860 1714 125
10.0223841 1714 125
10.0295702 1714 125
10.0367843 1714 125
10.0439949 1714 125
10.0511885 1714 125
10.0583862 1714 125
10.0655796 1714 125
10.0727712 1714 125
10.0799891 1715 125
10.0871924 1715 125
10.0943904 1715 125
10.1015941 1715 125
10.1087845 1715 125
10.1159656 1715 125
10.1231446 1715 125
10.1303480 1715 125
10.1375636 1715 125
10.1447820 1715 125
10.1519723 1715 125
10.1591653 1715 125
10.1663712 1715 125
10.1735718 1715 125
10.1807729 1715 125
10.1879804 1715 125
10.1951641 1715 125
10.2023757 1715 125
10.2095741 1715 125
10.2167730 1715 125
10.2239847 1715 125
10.2311879 1715 125
10.2383785 1715 125
10.2456134 1715 125
10.2528012 1715 125
10.2600133 1715 125
10.2672061 1715 125
10.2743975 1715 125
10.2815924 1715 125
10.2887881 1715 125
10.2959745 1715 125
10.3031805 1715 125
10.3103546 1715 125
10.3175534 1715 125
10.3247279 1715 125
10.3319205 1716 125
10.3391317 1716 125
10.3463310 1716 125
10.3535167 1716 125
10.3606984 1716 125
10.3678986 1716 125
10.3751135 1716 125
10.3823161 1716 125
10.3895144 1716 125
10.3967077 1716 125
10.4039207 1716 125
10.4111152 1716 125
10.4183306 1716 125
10.4255274 1716 125
10.4327182 1716 125
10.4399111 1716 125
10.4471072 1716 125
10.4542804 1716 125
10.4614925 1716 125
10.4686768 1716 125
10.4758861 1716 125
10.4830575 1716 125
10.4902686 1716 125
10.4974726 1716 125
10.5046828 1716 125
10.5118906 1716 125
10.5190896 1716 125
10.5262967 1716 125
10.5334879 1716 125
10.5406748 1716 125
10.5478830 1716 125
10.5550756 1716 125
10.5622648 1716 125
10.5694682 1716 125
10.5766587 1716 125
10.5838499 1717 125
10.5910623 1717 125
10.5982610 1717 125
10.6054746 1717 125
10.6127204 1717 125
10.6199078 1717 125
10.6270789 1717 125
10.6342742 1717 125
10.6414679 1717 125
10.6486809 1717 125
10.6558741 1717 125
10.6630706 1717 125
10.6702692 1717 125
10.6774604 1717 125
10.6846523 1717 125
10.6918587 1717 125
10.6990393 1717 125
10.7062458 1717 125
10.7134345 1717 125
10.7206457 1717 125
10.7278260 1717 125
10.7350197 1717 125
10.7422261 1717 125
10.7494152 1717 125
10.7566217 1717 125
10.7638271 1717 125
10.7710280 1717 125
10.7782195 1717 125
10.7854144 1717 125
10.7926211 1717 125
10.7998023 1717 125
10.8070325 1717 125
10.8142290 1717 125
10.8214195 1717 125
10.8286119 1717 125
10.8358257 1718 125
10.8430379 1718 125
10.8502433 1718 125
10.8574503 1718 125
10.8646664 1718 125
10.8718525 1718 125
10.8790435 1718 125
10.8862360 1718 125
10.8934425 1718 125
10.9006443 1718 125
10.9078630 1718 125
10.9150306 1718 125
10.9222073 1718 125
10.9294158 1718 125
10.9366247 1718 125
10.9438132 1718 125
10.9510134 1718 125
10.9581912 1718 125
10.9654027 1718 125
10.9725982 1718 125
10.9798127 1718 125
10.9870195 1718 125
10.9942231 1718 125
11.0013990 1718 125
11.0085977 1718 125
11.0157692 1718 125
11.0229854 1718 125
11.0302017 1718 125
11.0374034 1718 125
11.0446088 1718 125
11.0518054 1718 125
11.0589925 1718 125
11.0662139 1718 125
11.0734141 1718 125
11.0806142 1718 125
11.0878218 1719 125
11.0950356 1719 125
11.1022313 1719 125
11.1094329 1719 125
11.1166355 1719 125
11.1238515 1719 125
11.1310591 1719 125
11.1382432 1719 125
11.1454508 1719 125
11.1526750 1719 125
11.1598975 1719 125
11.1671027 1719 125
11.1743023 1719 125
11.1815037 1719 125
11.1887106 1719 125
11.1959180 1719 125
11.2031410 1719 125
11.2103340 1719 125
11.2175158 1719 125
11.2247134 1719 125
11.2319104 1719 125
11.2391219 1719 125
11.2463245 1719 125
11.2535178 1719 125
11.2607454 1719 125
11.2679174 1719 125
11.2751240 1719 125
11.2823289 1719 125
11.2895299 1719 125
11.2967321 1719 125
11.3039321 1719 125
11.3111066 1719 125
11.3183028 1719 125
11.3254962 1719 125
11.3326899 1720 125
11.3398653 1720 125
11.3470626 1720 125
11.3542712 1720 125
11.3614608 1720 125
11.3686636 1720 125
11.3758657 1720 125
11.3830588 1720 125
11.3902619 1720 125
11.3974676 1720 125
11.4046695 1720 125
11.4118652 1720 125
11.4190560 1720 125
11.4262597 1720 125
11.4334508 1720 125
11.4406711 1720 125
11.4478629 1720 125
11.4550697 1720 125
11.4622742 1720 125
11.4694957 1720 125
11.4767007 1720 125
11.4839007 1720 125
11.4911003 1720 125
11.4982894 1720 125
11.5055097 1720 125
11.5127166 1720 125
11.5199177 1720 125
11.5271090 1720 125
11.5342989 1720 125
11.5415029 1720 125
11.5487212 1720 125
11.5559144 1720 125
11.5631207 1720 125
11.5703263 1720 125
11.5775013 1720 125
11.5846968 1721 125
11.5919151 1721 125
11.5991269 1721 125
11.6063287 1721 125
11.6135332 1721 125
11.6207253 1721 125
11.6279400 1721 125
11.6351355 1721 125
11.6423124 1721 125
11.6495189 1721 125
11.6567122 1721 125
11.6639143 1721 125
11.6711223 1721 125
11.6783225 1721 125
11.6855044 1721 125
11.6926902 1721 125
11.6999083 1721 125
11.7070934 1721 125
11.7142956 1721 125
11.7214935 1721 125
11.7286765 1721 125
11.7358670 1721 125
11.7430629 1721 125
11.7502569 1721 125
11.7574680 1721 125
11.7646873 1721 125
11.7718938 1721 125
11.7791082 1721 125
11.7863102 1721 125
11.7935268 1721 125
11.8007382 1721 125
11.8079347 1721 125
11.8151234 1721 125
11.8223407 1721 125
11.8295316 1721 125
11.8367347 1722 125
11.8439094 1722 125
11.8510842 1722 125
11.8583041 1722 125
11.8654846 1722 125
11.8726819 1722 125
11.8798876 1722 125
11.8870910 1722 125
11.8942930 1722 125
11.9014905 1722 126
11.9086948 1722 126
11.9159032 1722 126
11.9231112 1722 126
11.9303036 1722 126
11.9374839 1722 126
11.9446923 1722 126
11.9519097 1722 126
11.9591108 1722 126
11.9663211 1722 126
11.9735163 1722 126
11.9807113 1722 126
11.9879269 1722 126
11.9951252 1722 126
12.0023324 1722 126
12.0095461 1722 126
12.0167456 1722 126
12.0239281 1722 126
12.0311072 1722 126
12.0382827 1722 126
12.0454589 1722 126
12.0526587 1722 126
12.0598338 1722 126
12.0670267 1722 126
12.0742140 1722 126
12.0814154 1722 126
12.0886004 1723 126
12.0957943 1723 126
12.1030235 1723 126
12.1102335 1723 126
12.1174427 1723 126
12.1246270 1723 126
12.1318280 1723 126
12.1390282 1723 126
12.1462392 1723 126
12.1534587 1723 126
12.1606682 1723 126
12.1678687 1723 126
12.1750684 1723 126
12.1822658 1723 126
12.1894830 1723 126
12.1966685 1723 126
12.2038653 1723 126
12.2110472 1723 126
12.2182648 1723 126
12.2254832 1723 126
12.2327081 1723 126
12.2398910 1723 126
12.2471049 1723 126
12.2543063 1723 126
12.2615184 1723 126
12.2687130 1723 126
12.2759127 1723 126
12.2830968 1723 126
12.2902977 1723 126
12.2975090 1723 126
12.3047174 1723 126
12.3118990 1723 126
12.3190779 1723 126
12.3262866 1723 126
12.3335093 1723 126
12.3407074 1724 126
12.3478763 1724 126
12.3550647 1724 126
12.3622568 1724 126
12.3694682 1724 126
12.3766496 1724 126
12.3838245 1724 126
12.3910010 1724 126
12.3981625 1724 126
12.4053525 1724 126
12.4125633 1724 126
12.4197718 1724 126
12.4269805 1724 126
12.4341780 1724 126
12.4413880 1724 126
12.4485644 1724 126
12.4557638 1724 126
12.4629641 1724 126
12.4701650 1724 126
12.4773690 1724 126
12.4845685 1724 126
12.4917820 1724 126
12.4989766 1724 126
12.5061811 1724 126
12.5133658 1724 126
12.5205501 1724 126
12.5277596 1724 126
12.5349469 1724 126
12.5421423 1724 126
12.5493383 1724 126
12.5565389 1724 126
12.5637313 1724 126
12.5709532 1724 126
12.5781455 1724 126
12.5853319 1724 126
12.5925109 1725 126
12.5997324 1725 126
12.6069398 1725 126
12.6141403 1725 126
12.6213387 1725 126
12.6285249 1725 126
12.6357279 1725 126
12.6429258 1725 126
12.6501298 1725 126
12.6573327 1725 126
12.6645297 1725 126
12.6717284 1725 126
12.6789289 1725 126
12.6861187 1725 126
12.6933197 1725 126
12.7005207 1725 126
12.7077147 1725 126
12.7148866 1725 126
12.7220816 1725 126
12.7292772 1725 126
12.7364842 1725 126
12.7436973 1725 126
12.7508751 1725 126
12.7580692 1725 126
12.7652410 1725 126
12.7724481 1725 126
12.7796471 1725 126
12.7868570 1725 126
12.7940535 1725 126
12.8012723 1725 126
12.8084698 1725 126
12.8156810 1725 126
12.8228883 1725 126
12.8300630 1725 126
12.8372567 1726 126
12.8444521 1726 126
12.8516613 1726 126
12.8588687 1726 126
12.8660606 1726 126
12.8732615 1726 126
12.8804486 1726 126
12.8876525 1726 126
12.8948244 1726 126
12.9020352 1726 126
12.9092139 1726 126
12.9164103 1726 126
12.9236134 1726 126
12.9308008 1726 126
12.9379833 1726 126
12.9451750 1726 126
12.9523628 1726 126
12.9595493 1726 126
12.9667644 1726 126
12.9739711 1726 126
12.9811737 1726 126
12.9883701 1726 126
12.9955468 1726 126
13.0027377 1726 126
13.0099466 1726 126
13.0171192 1726 126
13.0243422 1726 126
13.0315614 1726 126
13.0387664 1726 126
13.0459748 1726 126
13.0531702 1726 126
13.0603775 1726 126
13.0675816 1726 126
13.0747689 1726 126
13.0819483 1726 126
13.0891436 1727 126
13.0963680 1727 126
13.1035808 1727 126
13.1107664 1727 126
13.1179817 1727 126
13.1251911 1727 126
13.1323829 1727 126
13.1395714 1727 126
13.1467691 1727 126
13.1539707 1727 126
13.1611921 1727 126
13.1683746 1727 126
13.1755612 1727 126
13.1827511 1727 126
13.1899466 1727 126
13.1971168 1727 126
13.2043182 1727 126
13.2115118 1727 126
13.2187135 1727 126
13.2259227 1727 126
13.2330931 1727 126
13.2402955 1727 126
13.2474979 1727 126
13.2547130 1727 126
13.2619188 1727 126
13.2691463 1727 126
13.2763348 1727 126
13.2835440 1727 126
13.2907575 1727 126
13.2979632 1727 126
13.3051683 1727 126
13.3123731 1727 126
13.3195562 1727 126
13.3267520 1727 126
13.3339429 1727 126
13.3411520 1728 126
13.3483491 1728 126
13.3555489 1728 126
13.3627522 1728 126
13.3699612 1728 126
13.3771719 1728 126
13.3843526 1728 126
13.3915559 1728 126
13.3987689 1728 126
13.4059649 1728 126
13.4131807 1728 126
13.4203763 1728 126
13.4275748 1728 126
13.4347640 1728 126
13.4419693 1728 126
13.4491773 1728 126
13.4563811 1728 126
13.4635819 1728 126
13.4708099 1728 126
13.4779975 1728 126
13.4851797 1728 126
13.4924185 1728 126
13.4996210 1728 126
13.5068109 1728 126
13.5140166 1728 126
13.5212182 1728 126
13.5284197 1728 126
13.5356333 1728 126
13.5428388 1728 126
13.5500254 1728 126
13.5572183 1728 126
13.5644288 1728 126
13.5716148 1728 126
13.5788137 1728 126
13.5860073 1728 126
13.5931843 1729 126
13.6004136 1729 126
13.6076338 1729 126
13.6148561 1729 126
13.6220520 1729 126
13.6292552 1729 126
13.6364432 1729 126
13.6436510 1729 126
13.6508546 1729 126
13.6580501 1729 126
13.6652503 1729 126
13.6724434 1729 126
13.6796485 1729 126
13.6868568 1729 126
13.6940442 1729 126
13.7012436 1729 126
13.7084450 1729 126
13.7156699 1729 126
13.7228751 1729 126
13.7301023 1729 126
13.7372979 1729 126
13.7444855 1729 126
13.7516699 1729 126
13.7588835 1729 126
13.7660983 1729 126
13.7732885 1729 126
13.7805065 1729 126
13.7876937 1729 126
13.7948844 1729 126
13.8020876 1729 126
13.8092779 1729 126
13.8164826 1729 126
13.8236940 1729 126
13.8309105 1729 126
13.8381057 1730 126
13.8453086 1730 126
13.8525130 1730 126
13.8597133 1730 126
13.8669097 1730 126
13.8741101 1730 126
13.8813214 1730 126
13.8885052 1730 126
13.8957077 1730 126
13.9028845 1730 126
13.9100820 1730 126
13.9172843 1730 126
13.9244747 1730 126
13.9316692 1730 126
13.9388724 1730 126
13.9460603 1730 126
13.9532569 1730 126
13.9604442 1730 126
13.9676442 1730 126
13.9748341 1730 126
13.9820363 1730 126
13.9892243 1730 126
13.9964479 1730 126
14.0036559 1730 126
14.0108477 1730 126
14.0180581 1730 126
14.0252571 1730 126
14.0324757 1730 126
14.0396821 1730 126
14.0468718 1730 126
14.0540686 1730 126
14.0612757 1730 126
14.0684555 1730 126
14.0756514 1730 126
14.0828391 1730 126
14.0900465 1731 126
14.0972572 1731 126
14.1044569 1731 126
14.1116818 1731 126
14.1188546 1731 126
14.1260450 1731 126
14.1332533 1731 126
14.1404613 1731 126
14.1476650 1731 126
14.1548705 1731 126
14.1620780 1731 126
14.1692947 1731 126
14.1764796 1731 126
14.1836789 1731 126
14.1908701 1731 126
14.1980669 1731 126
14.2052405 1731 126
14.2124295 1731 126
14.2196322 1731 126
14.2268363 1731 126
14.2340473 1731 126
14.2412396 1731 126
14.2484556 1731 126
14.2556504 1731 126
14.2628356 1731 126
14.2700435 1731 126
14.2772616 1731 126
14.2844754 1731 126
14.2917036 1731 126
14.2989234 1731 126
14.3061389 1731 126
14.3133404 1731 126
14.3205356 1731 126
14.3277410 1731 126
14.3349598 1731 126
14.3421915 1732 126
14.3493927 1732 126
14.3566000 1732 126
14.3638077 1732 126
14.3710108 1732 126
14.3782043 1732 126
14.3853945 1732 126
14.3926044 1732 126
14.3998157 1732 126
14.4070214 1732 126
14.4142177 1732 126
14.4213940 1732 126
14.4286037 1732 126
14.4357944 1732 126
14.4430061 1732 126
14.4502133 1732 126
14.4573914 1732 126
14.4646185 1732 126
14.4718125 1732 126
14.4790223 1732 126
14.4862149 1732 126
14.4934105 1732 126
14.5006104 1732 126
14.5078160 1732 126
14.5150241 1732 126
14.5222497 1732 126
14.5294838 1732 126
14.5366921 1732 126
14.5439011 1732 126
14.5511131 1732 126
14.5583238 1732 126
14.5655261 1732 126
14.5727237 1732 126
14.5799182 1732 126
14.5871258 1733 126
14.5943210 1733 126
14.6015165 1733 126
14.6087012 1733 126
14.6159192 1733 126
14.6231221 1733 126
14.6303336 1733 126
14.6375459 1733 126
14.6447290 1733 126
14.6519259 1733 127
14.6591143 1733 127
14.6663079 1733 127
14.6734976 1733 127
14.6806951 1733 127
14.6878926 1733 127
14.6950989 1733 127
14.7022841 1733 127
14.7094585 1733 127
14.7166642 1733 127
14.7238668 1733 127
14.7310589 1733 127
14.7382534 1733 127
14.7454554 1733 127
14.7526522 1733 127
14.7598702 1733 127
14.7670675 1733 127
14.7742692 1733 127
14.7814641 1733 127
14.7886757 1752 127
14.7958726 1752 127
14.8030689 1752 127
14.8102725 1752 127
14.8174731 1752 127
14.8246781 1752 127
14.8318953 1752 127
14.8390796 1753 127
14.8462716 1753 127
14.8534770 1753 127
14.8606852 1753 127
14.8678803 1753 127
14.8750842 1753 127
14.8822912 1753 127
14.8894948 1753 127
14.8966990 1753 127
14.9038703 1753 127
14.9110675 1753 127
14.9182722 1753 127
14.9254823 1753 127
14.9326805 1753 127
14.9399003 1753 127
14.9471114 1753 127
14.9542979 1753 127
14.9615006 1753 127
14.9687085 1753 127
14.9758997 1753 127
14.9830950 1753 127
14.9902889 1753 127
14.9974821 1753 127
15.0046984 1753 127
15.0119491 1753 127
15.0191515 1753 127
15.0263519 1753 127
15.0335508 1753 127
15.0407565 1753 127
15.0479490 1753 127
15.0551377 1753 127
15.0623256 1753 127
15.0695385 1753 127
15.0767440 1753 127
15.0839398 1753 127
15.0911324 1754 127
15.0983452 1754 127
15.1055664 1754 127
15.1127766 1754 127
15.1199612 1754 127
15.1271623 1754 127
15.1343605 1754 127
15.1415637 1754 127
15.1487527 1754 127
15.1559511 1754 127
15.1631660 1754 127
15.1703734 1764 127
15.1775767 1764 127
15.1847670 1764 127
15.1919506 1764 127
15.1991505 1764 127
15.2063507 1764 127
15.2135407 1764 127
15.2207437 1764 127
15.2279333 1764 127
15.2351338 1764 127
15.2423243 1764 127
15.2495114 1764 127
15.2567288 1764 127
15.2639284 1764 127
15.2711307 1764 127
15.2783247 1764 127
15.2855395 1764 127
15.2927387 1764 127
15.2999172 1764 127
15.3071306 1764 127
15.3143488 1764 127
15.3215604 1764 127
15.3287550 1764 127
15.3359587 1764 127
15.3431462 1765 127
15.3503360 1765 127
15.3575578 1765 127
15.3647861 1765 127
15.3719559 1765 127
15.3791629 1765 127
15.3863529 1765 127
15.3935536 1765 127
15.4007718 1765 127
15.4079826 1765 127
15.4151928 1765 127
15.4224001 1765 127
15.4296017 1765 127
15.4368011 1765 127
15.4440036 1765 127
15.4512204 1765 127
15.4584191 1765 127
15.4656237 1765 127
15.4728278 1765 127
15.4800216 1765 127
15.4872125 1765 127
15.4944183 1765 127
15.5016275 1765 127
15.5088321 1765 127
15.5160352 1765 127
15.5232327 1765 127
15.5304369 1765 127
15.5376364 1765 127
15.5448277 1765 127
15.5520295 1765 127
15.5592215 1765 127
15.5664410 1765 127
15.5736418 1765 127
15.5808517 1765 127
15.5880386 1766 127
15.5952516 1766 127
15.6024473 1766 127
15.6096430 1766 127
15.6168214 1766 127
15.6240083 1766 127
15.6312106 1766 127
15.6384146 1766 127
15.6456157 1766 127
15.6528264 1766 127
15.6600173 1766 127
15.6672270 1766 127
15.6744482 1766 127
15.6816482 1766 127
15.6888531 1766 127
15.6960615 1766 127
15.7032458 1766 127
15.7104288 1766 127
15.7176315 1766 127
15.7248274 1766 127
15.7320119 1766 127
15.7392028 1766 127
15.7463818 1766 127
15.7535730 1766 127
15.7607636 1766 127
15.7679912 1766 127
15.7751841 1766 127
15.7823676 1766 127
15.7895648 1766 127
15.7967674 1766 127
15.8039652 1766 127
15.8111570 1766 127
15.8183397 1766 127
15.8255466 1766 127
15.8327565 1766 127
15.8399549 1767 127
15.8471422 1767 127
15.8543480 1767 127
15.8615750 1767 127
15.8687870 1767 127
15.8759949 1767 127
15.8831796 1767 127
15.8903593 1767 127
15.8975752 1767 127
15.9047745 1767 127
15.9119841 1767 127
15.9191730 1767 127
15.9263904 1767 127
15.9336073 1767 127
15.9408066 1767 127
15.9479924 1767 127
15.9552246 1767 127
15.9624512 1767 127
15.9696443 1767 127
15.9768472 1767 127
15.9840381 1767 127
15.9912385 1767 127
15.9984443 1767 127
16.0056310 1767 127
16.0128163 1767 127
16.0200220 1767 127
16.0272099 1767 127
16.0344079 1767 127
16.0416215 1767 127
16.0488068 1767 127
16.0560233 1767 127
16.0632265 1767 127
16.0704244 1767 127
16.0776344 1767 127
16.0848385 1767 127
16.0920450 1768 127
16.0992610 1768 127
16.1064618 1768 127
16.1136572 1768 127
16.1208801 1768 127
16.1280893 1768 127
16.1353091 1768 127
16.1425512 1768 127
16.1497783 1768 127
16.1569600 1768 127
16.1641527 1768 127
16.1713524 1768 127
16.1785418 1768 127
16.1857419 1768 127
16.1929430 1768 127
16.2001460 1768 127
16.2073510 1768 127
16.2145523 1768 127
16.2217682 1768 127
16.2289700 1768 127
16.2361745 1768 127
16.2434012 1768 127
16.2505930 1768 127
16.2577905 1768 127
16.2649959 1768 127
16.2721884 1768 127
16.2793948 1768 127
16.2866075 1768 127
16.2938008 1768 127
16.3009830 1768 127
16.3081853 1768 127
16.3154017 1768 127
16.3226034 1768 127
16.3297749 1768 127
16.3369754 1768 127
16.3441780 1769 127
16.3514201 1769 127
16.3586093 1769 127
16.3657995 1769 127
16.3729739 1769 127
16.3801703 1769 127
16.3873561 1769 127
16.3945501 1769 127
16.4017491 1769 127
16.4089349 1769 127
16.4161336 1769 127
16.4233260 1769 127
16.4304996 1769 127
16.4376890 1769 127
16.4448911 1769 127
16.4521088 1769 127
16.4592930 1769 127
16.4664819 1769 127
16.4736850 1769 127
16.4808825 1769 127
16.4880893 1769 127
16.4953052 1769 127
16.5025108 1769 127
16.5096900 1769 127
16.5169010 1769 127
16.5240850 1769 127
16.5312758 1769 127
16.5384876 1769 127
16.5456579 1769 127
16.5528684 1769 127
16.5600881 1769 127
16.5673024 1769 127
16.5745057 1769 127
16.5817115 1769 127
16.5889289 1769 127
16.5961522 1770 127
16.6033447 1770 127
16.6105608 1770 127
16.6177604 1770 127
16.6249462 1770 127
16.6321423 1770 127
16.6393486 1770 127
16.6465535 1770 127
16.6537647 1770 127
16.6609588 1770 127
16.6681536 1770 127
16.6753587 1770 127
16.6825492 1770 127
16.6897582 1770 127
16.6969640 1770 127
16.7041496 1770 127
16.7113148 1770 127
16.7185104 1770 127
16.7257277 1770 127
16.7329365 1770 127
16.7401369 1770 127
16.7473476 1770 127
16.7545398 1770 127
16.7617199 1770 127
16.7689190 1770 127
16.7761181 1770 127
16.7833143 1770 127
16.7905369 1770 127
16.7977420 1770 127
16.8049627 1770 127
16.8121358 1770 127
16.8193245 1770 127
16.8265393 1770 127
16.8337320 1770 127
16.8409367 1770 127
16.8481293 1771 127
16.8553451 1771 127
16.8625177 1771 127
16.8697138 1771 127
16.8768895 1771 127
16.8840797 1771 127
16.8912812 1771 127
16.8984760 1771 127
16.9056743 1771 127
16.9128782 1771 127
16.9200378 1771 127
16.9272239 1771 127
16.9344374 1771 127
16.9416416 1771 127
16.9488462 1771 127
16.9560479 1771 127
16.9632652 1771 127
16.9704672 1771 127
16.9776611 1771 127
16.9848518 1771 127
16.9920457 1771 127
16.9992762 1771 127
17.0064830 1771 127
17.0136748 1771 127
17.0208848 1771 127
17.0280878 1771 127
17.0352839 1771 127
17.0425142 1771 127
17.0497162 1771 127
17.0569070 1771 127
17.0641032 1771 127
17.0713103 1771 127
17.0785088 1771 127
17.0857158 1771 127
17.0929032 1771 127
17.1000909 1772 127
17.1072954 1772 127
17.1144864 1772 127
17.1216852 1772 127
17.1288987 1772 127
17.1360790 1772 127
17.1432580 1772 127
17.1504608 1772 127
17.1576459 1772 127
17.1648354 1772 127
17.1720411 1772 127
17.1792547 1772 127
17.1864817 1772 127
17.1936497 1772 127
17.2008425 1772 127
17.2080405 1772 127
17.2152555 1772 127
17.2224306 1772 127
17.2296318 1772 127
17.2368108 1772 127
17.2440205 1772 127
17.2512272 1772 127
17.2584251 1772 127
17.2656202 1772 127
17.2728120 1772 127
17.2800215 1772 127
17.2872082 1772 127
17.2944380 1772 127
17.3016711 1772 127
17.3088707 1772 127
17.3160693 1772 127
17.3232660 1772 127
17.3304628 1772 127
17.3376668 1772 127
17.3448879 1772 127
17.3520787 1773 127
17.3592579 1773 127
17.3664600 1773 127
17.3736519 1773 127
17.3808736 1773 127
17.3880729 1773 127
17.3952853 1773 127
17.4024886 1773 127
17.4096928 1773 127
17.4168979 1773 127
17.4240829 1773 127
17.4312816 1773 127
17.4384700 1773 127
17.4456646 1773 127
17.4528604 1773 127
17.4600521 1773 127
17.4672480 1773 127
17.4744334 1773 127
17.4816042 1773 127
17.4887854 1773 127
17.4959856 1773 127
17.5032097 1773 127
17.5104326 1773 127
17.5176587 1773 127
17.5248821 1773 127
17.5320967 1773 127
17.5393038 1773 127
17.5465199 1773 127
17.5537309 1773 127
17.5609256 1773 127
17.5681538 1773 127
17.5753533 1773 127
17.5825589 1773 127
17.5897657 1803 127
17.5969862 1804 127
17.6041736 1804 127
17.6113644 1804 127
17.6185462 1804 127
17.6257444 1804 127
17.6329463 1804 127
17.6401619 1804 127
17.6473690 1804 127
17.6545652 1804 127
17.6617515 1804 127
17.6689520 1804 127
17.6761397 1804 127
17.6833734 1804 127
17.6905796 1804 127
17.6977877 1804 127
17.7050085 1804 127
17.7122058 1804 127
17.7194011 1804 127
17.7266100 1804 127
17.7337992 1804 127
17.7409874 1804 127
17.7481882 1804 127
17.7553951 1804 127
17.7625710 1804 127
17.7697738 1804 127
17.7769738 1804 127
17.7841829 1804 127
17.7913828 1804 127
17.7985801 1804 127
17.8057685 1804 127
17.8129641 1804 127
17.8201643 1804 127
17.8273690 1804 127
17.8345825 1804 127
17.8417752 1804 127
17.8489879 1805 127
17.8561668 1805 127
17.8633638 1805 127
17.8705839 1805 127
17.8777828 1805 127
17.8849847 1805 127
17.8921805 1805 127
17.8994015 1805 127
17.9065925 1805 127
17.9137933 1805 127
17.9210125 1805 127
17.9282188 1805 127
17.9354358 1805 127
17.9426186 1805 127
17.9498155 1805 127
17.9570112 1805 127
17.9642090 1805 127
17.9714052 1805 127
17.9786096 1805 127
17.9858188 1805 127
17.9930192 1805 127
18.0002151 1805 127
18.0074038 1805 127
18.0145863 1805 127
18.0217728 1805 127
18.0289447 1805 127
18.0361716 1805 127
18.0433635 1805 127
18.0505717 1805 127
18.0577648 1805 127
18.0649674 1805 127
18.0721518 1805 127
18.0793728 1805 127
18.0865781 1805 127
18.0937785 1805 127
18.1009693 1806 127
18.1081740 1806 127
18.1153608 1806 127
18.1225614 1806 127
18.1297349 1806 127
18.1369416 1806 127
18.1441435 1806 127
18.1513327 1806 127
18.1585375 1806 127
18.1657437 1806 127
18.1729146 1806 127
18.1801038 1806 127
18.1872908 1806 127
18.1944856 1806 127
18.2016784 1806 127
18.2088693 1806 127
18.2160361 1806 127
18.2232477 1806 127
18.2304226 1806 127
18.2376021 1806 127
18.2447783 1806 127
18.2519659 1806 127
18.2591619 1806 127
18.2663638 1806 127
18.2735719 1806 127
18.2807705 1806 127
18.2879827 1806 127
18.2951979 1806 127
18.3023980 1806 127
18.3096147 1806 127
18.3168079 1806 127
18.3240035 1806 127
18.3312233 1806 127
18.3384292 1806 127
18.3456394 1806 127
18.3528413 1807 127
18.3600340 1807 127
18.3672244 1807 127
18.3744035 1807 127
18.3816299 1807 127
18.3888294 1807 127
18.3960350 1807 127
18.4032383 1807 127
18.4104601 1807 127
18.4176425 1807 127
18.4248492 1807 127
18.4320480 1807 127
18.4392554 1807 127
18.4464537 1807 127
18.4536342 1807 127
18.4608223 1807 127
18.4680173 1807 127
18.4752296 1807 127
18.4824180 1807 127
18.4896021 1807 127
18.4968117 1807 127
18.5040033 1807 127
18.5112092 1807 127
18.5183788 1807 127
18.5255869 1807 127
18.5327901 1807 127
18.5400000 1807 127
18.5472174 1807 127
18.5544052 1807 127
18.5615898 1807 127
18.5688007 1807 127
18.5760037 1807 127
18.5832123 1807 127
18.5904157 1807 127
18.5976241 1808 127
18.6048392 1808 127
18.6120557 1808 127
18.6192630 1808 127
18.6264734 1808 127
18.6336698 1808 127
18.6408598 1808 127
18.6480795 1808 127
18.6552635 1808 127
18.6624763 1808 127
18.6697029 1808 127
18.6768839 1808 127
18.6840807 1808 127
18.6912764 1808 127
18.6984734 1808 127
18.7056862 1808 127
18.7128982 1808 127
18.7201292 1808 127
18.7273083 1808 127
18.7344998 1808 127
18.7417158 1808 127
18.7489097 1808 127
18.7560822 1808 127
18.7632838 1808 127
18.7704851 1808 127
18.7776869 1808 127
18.7848755 1808 127
18.7920760 1808 127
18.7992859 1808 127
18.8064944 1808 127
18.8136834 1808 127
18.8208887 1808 127
18.8280894 1808 127
18.8352950 1808 127
18.8424865 1808 127
18.8496786 1809 127
18.8568703 1809 127
18.8640718 1809 127
18.8712738 1809 127
18.8784856 1809 127
18.8856853 1809 127
18.8928870 1809 127
18.9000834 1809 127
18.9072903 1809 127
18.9144828 1809 127
18.9216681 1809 127
18.9288759 1809 127
18.9360839 1809 127
18.9432810 1809 127
18.9504668 1809 127
18.9576568 1809 127
18.9648314 1809 127
18.9720204 1809 127
18.9792265 1809 127
18.9864229 1809 127
18.9936226 1809 127
19.0008228 1809 127
19.0080314 1809 127
19.0152531 1809 127
19.0224494 1809 127
19.0296559 1809 127
19.0368652 1809 127
19.0440508 1809 127
19.0512631 1809 127
19.0584872 1809 127
19.0656952 1809 127
19.0729037 1809 127
19.0801107 1809 127
19.0873248 1809 127
19.0945406 1809 127
19.1017324 1810 127
19.1089203 1810 127
19.1161367 1810 127
19.1233637 1810 127
19.1305620 1810 127
19.1377398 1810 127
19.1449569 1810 127
19.1521550 1810 127
19.1593290 1810 127
19.1665332 1810 127
19.1737407 1810 127
19.1809416 1810 127
19.1881443 1810 127
19.1953162 1810 127
19.2025016 1810 127
19.2097075 1810 127
19.2169079 1810 127
19.2241051 1810 127
19.2312792 1810 127
19.2384727 1810 127
19.2456774 1810 127
19.2528672 1810 127
19.2600778 1810 127
19.2672734 1810 127
19.2744732 1810 127
19.2816554 1810 127
19.2888449 1810 127
19.2960524 1810 127
19.3032442 1810 127
19.3104395 1810 127
19.3176549 1810 127
19.3248632 1810 127
19.3320759 1810 127
19.3392892 1810 127
19.3465008 1811 127
19.3537037 1811 127
19.3609181 1811 127
19.3681080 1811 127
19.3752976 1811 127
19.3824914 1811 127
19.3896990 1811 127
19.3968885 1811 127
19.4040660 1811 127
19.4112729 1811 127
19.4184632 1811 127
19.4256587 1811 127
19.4328805 1811 127
19.4400851 1811 127
19.4472989 1811 127
19.4545018 1811 127
19.4616718 1811 127
19.4688785 1811 127
19.4760781 1811 127
19.4832764 1811 127
19.4904577 1811 127
19.4976622 1811 127
19.5048614 1811 127
19.5120817 1811 127
19.5192920 1811 127
19.5264939 1811 127
19.5337048 1811 127
19.5409177 1811 127
19.5481300 1811 127
19.5553407 1811 127
19.5625378 1811 127
19.5697336 1811 127
19.5769182 1811 127
19.5840917 1811 127
19.5912867 1811 127
19.5984721 1812 127
19.6056873 1812 127
19.6128880 1812 127
19.6200939 1812 127
19.6272849 1812 127
19.6344924 1812 127
19.6416767 1812 127
19.6488900 1812 127
19.6560866 1812 127
19.6632886 1812 127
19.6704420 1812 127
19.6776429 1812 127
19.6848278 1812 127
19.6920399 1812 127
19.6992518 1812 127
19.7064331 1812 127
19.7136148 1812 127
19.7208269 1812 127
19.7280424 1812 127
19.7352238 1812 127
19.7424332 1812 127
19.7496591 1812 127
19.7568533 1812 127
19.7640434 1812 127
19.7712560 1812 127
19.7784577 1812 127
19.7856781 1812 127
19.7929010 1812 127
19.8001138 1812 127
19.8073207 1812 127
19.8145157 1812 127
19.8217081 1812 127
19.8288988 1812 127
19.8361013 1812 127
19.8432921 1812 127
19.8504892 1813 127
19.8576812 1813 127
19.8648858 1813 127
19.8720823 1813 127
19.8792866 1813 127
19.8864738 1813 127
19.8936676 1813 127
19.9008749 1813 127
19.9080626 1813 127
19.9152520 1813 127
19.9224344 1813 127
19.9296305 1813 127
19.9368308 1813 127
19.9440430 1813 127
19.9512507 1813 127
19.9584554 1813 127
19.9656609 1813 127
19.9728642 1813 127
19.9800597 1813 127
19.9872642 1813 127
19.9944976 1813 127
20.0016841 1813 127
20.0088749 1813 127
20.0160769 1813 127
20.0232741 1813 127
20.0304897 1813 127
20.0376774 1813 127
20.0448785 1813 127
20.0520737 1813 127
20.0592664 1813 127
20.0664854 1813 127
20.0736542 1813 127
20.0808292 1813 127
20.0880354 1813 127
20.0952528 1814 127
20.1024418 1814 127
20.1096356 1814 127
20.1168347 1814 127
20.1240335 1814 127
20.1312354 1814 127
20.1384415 1814 127
20.1456446 1814 127
20.1528389 1814 127
20.1600321 1814 127
20.1672477 1814 127
20.1744491 1814 127
20.1816615 1814 127
20.1888734 1814 127
20.1960582 1814 127
20.2032627 1814 127
20.2104626 1814 127
20.2176743 1814 127
20.2248669 1814 127
20.2320623 1814 127
20.2392645 1814 127
20.2464731 1814 127
20.2536746 1814 127
20.2608858 1814 127
20.2680925 1814 127
20.2753002 1814 127
20.2825000 1814 127
20.2896950 1814 127
20.2969037 1814 127
20.3040770 1814 127
20.3112694 1814 127
20.3184828 1814 127
20.3256625 1814 127
20.3328501 1814 127
20.3400451 1814 127
20.3472718 1815 127
20.3544804 1815 127
20.3617073 1815 127
20.3688974 1815 127
20.3761104 1815 127
20.3833153 1815 127
20.3905150 1815 127
20.3977155 1815 127
20.4049184 1815 127
20.4121377 1815 127
20.4193355 1815 127
20.4265471 1815 128
20.4337726 1815 128
20.4409746 1815 128
20.4481706 1815 128
20.4553762 1815 128
20.4625870 1815 128
20.4697884 1815 128
20.4769737 1815 128
20.4841715 1815 128
20.4913550 1815 128
20.4985505 1815 128
20.5057309 1815 128
20.5129297 1815 128
20.5201350 1815 128
20.5273599 1815 128
20.5345752 1815 128
20.5418001 1815 128
20.5490148 1815 128
20.5562165 1815 128
20.5634093 1815 128
20.5706055 1815 128
20.5778067 1815 128
20.5849872 1815 128
20.5921746 1815 128
20.5993791 1816 128
20.6065705 1816 128
20.6137576 1816 128
20.6209660 1816 128
20.6281625 1816 128
20.6353562 1816 128
20.6425587 1816 128
20.6497529 1816 128
20.6569601 1816 128
20.6641729 1816 128
20.6713530 1816 128
20.6785609 1816 128
20.6857464 1816 128
20.6929381 1816 128
20.7001536 1816 128
20.7073420 1816 128
20.7145203 1816 128
20.7217115 1816 128
20.7288953 1816 128
20.7360876 1816 128
20.7432913 1816 128
20.7505023 1816 128
20.7577253 1816 128
20.7649266 1816 128
20.7721142 1816 128
20.7793331 1816 128
20.7865298 1816 128
20.7937394 1816 128
20.8009402 1816 128
20.8081383 1816 128
20.8153341 1816 128
20.8225217 1816 128
20.8297175 1816 128
20.8369000 1816 128
20.8441191 1816 128
20.8513209 1817 128
20.8585188 1817 128
20.8657341 1817 128
20.8729267 1817 128
20.8801151 1817 128
20.8872995 1817 128
20.8944912 1817 128
20.9016838 1817 128
20.9089145 1817 128
20.9161105 1817 128
20.9232967 1817 128
20.9304995 1817 128
20.9377078 1817 128
20.9448974 1817 128
20.9520754 1817 128
20.9592748 1817 128
20.9664566 1817 128
20.9736495 1817 128
20.9808444 1817 128
20.9880364 1817 128
20.9952288 1817 128
21.0024357 1817 128
21.0096321 1817 128
21.0168456 1817 128
21.0240292 1817 128
21.0312393 1817 128
21.0384366 1817 128
21.0456506 1817 128
21.0528367 1817 128
21.0600403 1817 128
21.0672496 1817 128
21.0744504 1817 128
21.0816368 1817 128
21.0888412 1817 128
21.0960278 1817 128
21.1032168 1818 128
21.1104195 1818 128
21.1176200 1818 128
21.1247899 1818 128
21.1319810 1818 128
21.1391712 1818 128
21.1463733 1818 128
21.1535909 1818 128
21.1608158 1818 128
21.1679956 1818 128
21.1752148 1818 128
21.1824290 1818 128
21.1896248 1818 128
21.1968260 1818 128
21.2040344 1818 128
21.2112572 1818 128
21.2184554 1818 128
21.2256629 1818 128
21.2328672 1818 128
21.2400625 1818 128
21.2472570 1818 128
21.2544527 1818 128
21.2616418 1818 128
21.2688544 1818 128
21.2760672 1818 128
21.2832921 1818 128
21.2904806 1818 128
21.2977064 1818 128
21.3049018 1818 128
21.3120831 1818 128
21.3192783 1818 128
21.3264712 1818 128
21.3336427 1818 128
21.3408440 1818 128
21.3480303 1818 128
21.3552387 1819 128
21.3624316 1819 128
21.3696018 1819 128
21.3767855 1819 128
21.3840077 1819 128
21.3911892 1819 128
21.3983904 1819 128
21.4055716 1819 128
21.4127567 1819 128
21.4199675 1819 128
21.4271792 1819 128
21.4343586 1819 128
21.4415601 1819 128
21.4487589 1819 128
21.4559615 1819 128
21.4631499 1819 128
21.4703596 1819 128
21.4775689 1819 128
21.4847629 1819 128
21.4919783 1819 128
21.4991647 1819 128
21.5063711 1819 128
21.5135630 1819 128
21.5207541 1819 128
21.5279362 1819 128
21.5351362 1819 128
21.5423327 1819 128
21.5495242 1819 128
21.5567497 1819 128
21.5639542 1819 128
21.5711624 1819 128
21.5783770 1819 128
21.5855823 1819 128
21.5927610 1819 128
21.5999602 1820 128
21.6071531 1820 128
21.6143581 1820 128
21.6215754 1820 128
21.6287607 1820 128
21.6359704 1854 128
21.6432035 1854 128
21.6504128 1854 128
21.6575993 1854 128
21.6647879 1854 128
21.6719987 1854 128
21.6791993 1854 128
21.6864123 1854 128
21.6936178 1854 128
21.7008289 1854 128
21.7080183 1854 128
21.7152190 1854 128
21.7224416 1854 128
21.7296250 1854 128
21.7368241 1854 128
21.7440172 1854 128
21.7512040 1854 128
21.7583881 1854 128
21.7655882 1854 128
21.7727930 1854 128
21.7800023 1854 128
21.7872163 1854 128
21.7944153 1854 128
21.8015802 1854 128
21.8087736 1854 128
21.8159516 1854 128
21.8231529 1854 128
21.8303468 1854 128
21.8375434 1854 128
21.8447436 1854 128
21.8519500 1855 128
21.8591548 1855 128
21.8663636 1855 128
21.8735904 1855 128
21.8808065 1855 128
21.8879954 1855 128
21.8952044 1855 128
21.9023795 1855 128
21.9095857 1855 128
21.9167672 1855 128
21.9239544 1855 128
21.9311359 1855 128
21.9383124 1855 128
21.9455121 1855 128
21.9527132 1855 128
21.9599054 1855 128
21.9671009 1855 128
21.9743311 1855 128
21.9815272 1855 128
21.9887172 1855 128
21.9958898 1855 128
22.0030825 1855 128
22.0102965 1855 128
22.0174947 1855 128
22.0246878 1855 128
22.0318909 1855 128
22.0390842 1855 128
22.0462933 1855 128
22.0535051 1855 128
22.0606888 1855 128
22.0678879 1855 128
22.0750950 1855 128
22.0822897 1855 128
22.0894880 1855 128
22.0967091 1855 128
22.1038915 1856 128
22.1110819 1856 128
22.1182748 1856 128
22.1254839 1856 128
22.1326811 1856 128
22.1398861 1856 128
22.1470895 1856 128
22.1542843 1856 128
22.1614906 1856 128
22.1687158 1856 128
22.1759276 1856 128
22.1831349 1856 128
22.1903158 1856 128
22.1975178 1856 128
22.2046956 1856 128
22.2119074 1856 128
22.2190884 1856 128
22.2262786 1856 128
22.2334773 1856 128
22.2406814 1856 128
22.2478722 1856 128
22.2550818 1856 128
22.2622773 1856 128
22.2694542 1856 128
22.2766609 1856 128
22.2838760 1856 128
22.2910799 1856 128
22.2983019 1856 128
22.3054865 1856 128
22.3126801 1856 128
22.3198907 1856 128
22.3270890 1856 128
22.3342917 1856 128
22.3414976 1856 128
22.3487265 1856 128
22.3559139 1857 128
22.3631014 1857 128
22.3703143 1857 128
22.3775009 1857 128
22.3846904 1857 128
22.3918853 1857 128
22.3990932 1857 128
22.4062801 1857 128
22.4134930 1857 128
22.4206952 1857 128
22.4279006 1857 128
22.4351095 1857 128
22.4423105 1857 128
22.4495111 1857 128
22.4567178 1857 128
22.4639265 1857 128
22.4711344 1857 128
22.4783326 1857 128
22.4855276 1857 128
22.4927437 1857 128
22.4999368 1857 128
22.5071376 1857 128
22.5143271 1857 128
22.5215236 1857 128
22.5287401 1857 128
22.5359392 1857 128
22.5431490 1857 128
22.5503490 1857 128
22.5575522 1857 128
22.5647464 1857 128
22.5719578 1857 128
22.5791718 1857 128
22.5863719 1857 128
22.5935966 1857 128
22.6008298 1857 128
22.6080291 1858 128
22.6152466 1858 128
22.6224342 1858 128
22.6296433 1858 128
22.6368425 1858 128
22.6440418 1858 128
22.6512062 1858 128
22.6584021 1858 128
22.6656047 1858 128
22.6728169 1858 128
22.6800196 1858 128
22.6872158 1858 128
22.6944151 1858 128
22.7016052 1858 128
22.7088135 1858 128
22.7159969 1858 128
22.7232118 1858 128
22.7303941 1858 128
22.7375775 1858 128
22.7447827 1858 128
22.7519975 1858 128
22.7591777 1858 128
22.7663821 1858 128
22.7735736 1858 128
22.7807812 1858 128
22.7879643 1858 128
22.7951628 1858 128
22.8023667 1858 128
22.8095743 1858 128
22.8167816 1858 128
22.8239697 1858 128
22.8311820 1858 128
22.8383869 1858 128
22.8455935 1858 128
22.8528113 1859 128
22.8600190 1859 128
22.8672209 1859 128
22.8743959 1859 128
22.8815971 1859 128
22.8887849 1859 128
22.8959962 1859 128
22.9032001 1859 128
22.9104049 1859 128
22.9175933 1859 128
22.9248074 1859 128
22.9319975 1859 128
22.9392137 1859 128
22.9464188 1859 128
22.9536374 1859 128
22.9608220 1859 128
22.9680212 1859 128
22.9752035 1859 128
22.9824134 1859 128
22.9896465 1859 128
22.9968663 1859 128
23.0040624 1859 128
23.0112711 1859 128
23.0184702 1859 128
23.0256581 1859 128
23.0328505 1859 128
23.0400329 1859 128
23.0472491 1859 128
23.0544763 1859 128
23.0616891 1859 128
23.0689003 1859 128
23.0761111 1859 128
23.0833007 1859 128
23.0904770 1859 128
23.0976864 1859 128
23.1048751 1860 128
23.1120680 1860 128
23.1192637 1860 128
23.1264559 1860 128
23.1336511 1860 128
23.1408580 1860 128
23.1480581 1860 128
23.1552794 1860 128
23.1624940 1860 128
23.1696974 1860 128
23.1768767 1860 128
23.1840640 1860 128
23.1912655 1860 128
23.1984485 1860 128
23.2056296 1860 128
23.2128094 1860 128
23.2200116 1860 128
23.2272051 1860 128
23.2343973 1860 128
23.2415934 1860 128
23.2487698 1860 128
23.2559653 1860 128
23.2631737 1860 128
23.2703609 1860 128
23.2775825 1860 128
23.2847891 1860 128
23.2920104 1860 128
23.2991891 1860 128
23.3064048 1860 128
23.3136055 1860 128
23.3208024 1860 128
23.3280092 1860 128
23.3352153 1860 128
23.3424164 1860 128
23.3496052 1860 128
23.3568009 1861 128
23.3640107 1861 128
23.3712128 1861 128
23.3784134 1861 128
23.3856312 1861 128
23.3928450 1861 128
23.4000417 1861 128
23.4072662 1861 128
23.4144736 1861 128
23.4217009 1861 128
23.4289004 1861 128
23.4360841 1861 128
23.4432874 1861 128
23.4504948 1861 128
23.4576853 1861 128
23.4648969 1861 128
23.4721152 1861 128
23.4792898 1861 128
23.4864624 1861 128
23.4936816 1861 128
23.5008791 1861 128
23.5080739 1861 128
23.5152862 1861 128
23.5224684 1861 128
23.5296623 1861 128
23.5368804 1861 128
23.5440725 1861 128
23.5512927 1861 128
23.5584822 1861 128
23.5656904 1861 128
23.5728855 1861 128
23.5800888 1861 128
23.5872734 1861 128
23.5944778 1861 128
23.6016884 1861 128
23.6088875 1862 128
23.6160902 1862 128
23.6232977 1862 128
23.6304884 1862 128
23.6377039 1862 128
23.6448967 1862 128
23.6520749 1862 128
23.6592807 1862 128
23.6664859 1862 128
23.6736920 1862 128
23.6808901 1862 128
23.6880813 1862 128
23.6952841 1862 128
23.7024926 1862 128
23.7096777 1862 128
23.7168717 1862 128
23.7240690 1862 128
23.7312541 1862 128
23.7384447 1862 128
23.7456409 1862 128
23.7528452 1862 128
23.7600430 1862 128
23.7672517 1862 128
23.7744775 1862 128
23.7816770 1862 128
23.7888876 1862 128
23.7960868 1862 128
23.8032942 1862 128
23.8105008 1862 128
23.8177120 1862 128
23.8249184 1862 128
23.8321217 1862 128
23.8393176 1862 128
23.8465270 1862 128
23.8537214 1862 128
23.8609328 1863 128
23.8681106 1863 128
23.8753135 1863 128
23.8825162 1863 128
23.8897050 1863 128
23.8969083 1863 128
23.9040822 1863 128
23.9112727 1863 128
23.9184659 1863 128
23.9256692 1863 128
23.9328900 1863 128
23.9401078 1863 128
23.9473082 1863 128
23.9545137 1863 128
23.9617219 1863 128
23.9689168 1863 128
23.9761089 1863 128
23.9833015 1863 128
23.9905103 1863 128
23.9977245 1863 128
24.0000000 1863 128
