tcpdump
0.0000522 22
0.0072607 102 37
0.0144064 105 37
0.0216077 109 38
0.0287968 112 39
0.0360046 115 39
0.0432203 118 39
0.0504447 121 40
0.0576624 124 40
0.0648592 127 40
0.0720663 130 40
0.0792479 133 40
0.0864408 136 41
0.0936551 139 41
0.1008693 142 41
0.1080793 145 41
0.1152894 148 42
0.1224891 151 42
0.1296815 154 43
0.1368805 157 43
0.1441092 159 43
0.1513051 162 43
0.1585226 165 44
0.1657205 168 45
0.1729318 171 45
0.1801295 173 46
0.1873192 176 47
0.1945136 179 47
0.2017220 181 49
0.2089435 184 49
0.2161673 187 49
0.2233896 189 49
0.2305815 192 49
0.2377906 194 50
0.2449802 197 50
0.2521766 199 52
0.2593837 202 54
0.2665826 204 54
0.2737741 207 55
0.2809761 209 56
0.2881912 212 56
0.2953924 214 57
0.3025905 217 57
0.3098051 219 58
0.3170070 221 58
0.3242009 224 58
0.3314097 226 58
0.3386071 228 58
0.3457921 231 58
0.3530015 233 59
0.3602121 235 60
0.3674231 238 60
0.3746120 240 60
0.3818050 242 60
0.3890085 244 60
0.3962219 246 62
0.4034206 249 62
0.4106106 251 62
0.4178317 253 62
0.4250434 255 62
0.4322370 257 63
0.4394405 259 63
0.4466141 261 63
0.4537987 263 63
0.4609890 266 63
0.4681713 268 63
0.4754003 270 65
0.4826073 272 65
0.4897921 274 65
0.4969940 276 65
0.5042032 278 66
0.5113856 279 66
0.5185818 281 66
0.5257575 283 66
0.5329636 285 66
0.5401602 287 66
0.5473456 289 66
0.5545452 291 67
0.5617639 293 67
0.5689786 295 68
0.5761722 296 68
0.5833558 298 68
0.5905752 300 68
0.5977880 302 68
0.6049844 304 68
0.6122058 305 68
0.6194116 307 69
0.6266307 309 69
0.6338273 311 69
0.6410363 312 69
0.6482254 314 69
0.6554231 316 69
0.6626326 317 69
0.6698487 319 69
0.6770329 321 69
0.6842279 322 70
0.6914284 324 70
0.6986087 326 70
0.7058354 327 70
0.7130475 329 70
0.7202659 330 70
0.7274689 332 70
0.7346675 334 71
0.7418629 335 71
0.7490654 337 71
0.7562502 338 71
0.7634591 340 71
0.7706710 341 71
0.7778697 343 71
0.7850511 344 71
0.7922358 346 71
0.7994520 347 71
0.8066769 349 71
0.8138839 350 71
0.8210813 352 71
0.8282483 353 71
0.8354489 354 72
0.8426280 356 72
0.8498176 357 72
0.8570179 359 72
0.8642009 360 72
0.8714069 361 72
0.8786093 363 72
0.8858116 364 72
0.8930063 365 72
0.9002104 367 72
0.9074245 368 72
0.9146223 369 72
0.9218438 371 72
0.9290483 372 72
0.9362521 373 72
0.9434678 374 72
0.9506627 376 72
0.9578831 377 72
0.9650829 378 72
0.9722947 379 72
0.9795007 381 72
0.9866946 382 72
0.9938777 383 72
1.0010898 384 72
1.0082852 385 72
1.0154903 387 72
1.0226617 388 72
1.0298632 389 72
1.0370860 390 72
1.0442766 391 72
1.0514868 392 72
1.0587018 394 72
1.0658892 395 72
1.0730926 396 72
1.0802957 397 72
1.0875067 398 72
1.0947096 399 72
1.1019035 400 72
1.1091238 401 72
1.1163244 402 72
1.1235327 403 72
1.1307188 404 72
1.1379237 405 72
1.1451123 406 72
1.1523308 408 72
1.1595423 409 72
1.1667384 410 72
1.1739334 411 72
1.1811356 412 72
1.1883509 413 72
1.1955591 414 72
1.2027741 415 72
1.2099610 415 72
1.2171572 416 72
1.2243414 417 72
1.2315297 418 72
1.2387324 419 72
1.2459420 420 72
1.2531247 421 73
1.2603076 422 73
1.2675036 423 73
1.2747055 424 73
1.2819103 425 73
1.2891202 426 73
1.2963185 427 73
1.3035084 428 73
1.3107088 428 73
1.3178848 429 73
1.3251018 430 73
1.3323088 431 73
1.3395068 432 73
1.3467011 433 73
1.3538967 434 73
1.3611061 434 73
1.3683095 435 73
1.3755192 436 73
1.3827319 437 73
1.3899395 438 73
1.3971429 438 73
1.4043430 439 73
1.4115529 440 73
1.4187414 441 73
1.4259425 442 73
1.4331475 442 73
1.4403598 443 73
1.4475483 444 73
1.4547556 445 73
1.4619763 445 73
1.4691735 446 73
1.4763894 447 73
1.4835901 448 73
1.4907823 448 73
1.4979708 449 73
1.5051767 450 73
1.5123742 451 73
1.5195605 451 73
1.5267574 452 73
1.5339664 453 73
1.5411724 453 73
1.5483813 454 73
1.5555883 455 73
1.5627643 455 73
1.5699750 456 73
1.5771728 457 73
1.5843754 457 73
1.5915643 458 73
1.5987612 459 73
1.6059690 459 73
1.6131659 460 73
1.6203716 461 73
1.6275753 461 73
1.6347925 462 73
1.6419747 463 73
1.6491632 463 73
1.6563507 464 73
1.6635335 465 73
1.6707375 465 73
1.6779376 466 73
1.6851290 466 73
1.6923225 467 73
1.6995270 468 73
1.7067032 468 73
1.7138952 469 73
1.7211160 469 73
1.7283132 470 73
1.7355158 470 73
1.7427177 471 73
1.7499287 472 73
1.7571334 472 73
1.7643396 473 73
1.7715350 473 73
1.7787595 474 73
1.7859680 474 73
1.7931656 475 73
1.8003685 475 73
1.8075695 476 73
1.8147952 477 73
1.8219834 477 73
1.8291799 478 73
1.8364116 478 73
1.8436130 479 73
1.8508255 479 73
1.8580269 480 73
1.8652256 480 73
1.8723931 481 73
1.8795918 481 73
1.8867942 482 73
1.8939985 482 73
1.9012092 483 73
1.9084192 483 73
1.9156239 484 73
1.9228345 484 73
1.9300405 485 73
1.9372344 485 73
1.9444231 485 73
1.9516053 486 73
1.9588138 486 73
1.9660078 487 73
1.9732008 487 73
1.9804092 488 74
1.9876373 488 74
1.9948287 489 74
2.0020306 489 74
2.0092323 490 74
2.0164364 490 74
2.0236372 490 74
2.0308316 491 74
2.0380135 491 74
2.0452006 492 74
2.0523992 492 74
2.0595928 492 74
2.0667943 493 74
2.0740062 493 74
2.0811740 494 74
2.0883669 494 75
2.0955603 495 75
2.1027521 495 75
2.1099813 495 75
2.1171876 496 75
2.1243943 496 75
2.1315936 496 75
2.1387865 497 75
2.1459947 497 75
2.1531986 498 75
2.1604000 498 75
2.1676219 498 75
2.1748370 499 75
2.1820350 499 75
2.1892191 499 75
2.1964199 500 75
2.2036059 500 76
2.2108262 501 76
2.2180197 501 76
2.2251961 501 76
2.2323859 502 76
2.2395554 502 76
2.2467581 502 76
2.2539655 503 76
2.2611541 503 76
2.2683505 503 76
2.2755245 504 76
2.2827078 504 76
2.2898939 504 76
2.2971082 505 76
2.3042880 505 76
2.3114803 505 76
2.3186975 506 76
2.3258851 506 76
2.3330913 506 76
2.3403000 507 76
2.3474880 507 76
2.3546729 507 76
2.3618722 507 76
2.3690540 508 76
2.3762510 508 76
2.3834683 508 76
2.3906876 509 76
2.3978834 509 76
2.4050832 509 76
2.4122748 510 76
2.4194620 510 76
2.4266620 510 76
2.4338733 510 76
2.4410757 511 76
2.4482694 511 76
2.4554412 511 76
2.4626451 512 76
2.4698337 512 76
2.4770325 512 76
2.4842377 512 76
2.4914571 513 76
2.4986552 513 76
2.5058566 513 76
2.5130674 513 77
2.5202813 514 77
2.5274556 514 77
2.5346828 514 77
2.5418877 514 77
2.5490921 515 77
2.5562982 515 77
2.5634835 515 77
2.5706628 515 77
2.5778767 516 77
2.5850673 516 77
2.5922535 516 77
2.5994466 516 77
2.6066344 517 77
2.6138481 517 77
2.6210269 517 77
2.6282152 517 77
2.6354214 518 77
2.6426391 518 77
2.6498343 518 77
2.6570100 518 77
2.6642117 519 77
2.6714147 519 77
2.6786151 519 77
2.6858059 519 77
2.6930155 519 77
2.7002328 520 77
2.7074362 520 77
2.7146492 520 77
2.7218482 520 77
2.7290450 521 77
2.7362289 521 77
2.7434435 521 77
2.7506393 521 77
2.7578397 521 77
2.7650409 522 77
2.7722237 522 77
2.7794331 522 77
2.7866200 522 77
2.7938184 522 77
2.8010288 523 77
2.8082281 523 77
2.8154501 523 77
2.8226363 523 77
2.8298403 523 77
2.8370486 524 77
2.8442263 524 77
2.8514244 524 77
2.8586171 524 77
2.8658279 524 77
2.8730186 524 77
2.8802364 525 77
2.8874325 525 77
2.8946278 525 77
2.9018190 525 77
2.9090057 525 77
2.9161860 526 77
2.9233919 526 77
2.9305909 526 77
2.9377723 526 77
2.9449776 526 77
2.9521844 526 77
2.9593825 527 77
2.9665957 527 77
2.9737794 527 77
2.9809664 527 77
2.9881599 527 77
2.9953733 527 77
3.0025697 528 77
3.0097662 528 77
3.0169890 528 77
3.0241870 528 77
3.0313969 528 77
3.0385967 528 77
3.0458006 529 77
3.0530014 529 77
3.0601833 529 77
3.0673641 529 77
3.0745654 529 77
3.0817530 529 77
3.0889670 529 77
3.0961560 530 77
3.1033744 530 77
3.1105714 530 77
3.1177616 530 77
3.1249563 530 77
3.1321434 530 77
3.1393457 530 77
3.1465502 531 77
3.1537612 531 77
3.1609771 531 77
3.1681672 531 77
3.1753664 531 77
3.1825708 531 77
3.1897950 531 77
3.1969933 532 77
3.2041961 532 77
3.2114000 532 77
3.2185751 532 77
3.2257884 532 77
3.2329895 532 77
3.2401796 532 77
3.2473854 532 77
3.2546185 533 77
3.2618219 533 77
3.2690182 533 77
3.2762150 533 77
3.2834092 533 77
3.2906356 533 77
3.2978354 533 77
3.3050337 533 77
3.3122321 534 77
3.3194302 534 77
3.3266447 534 77
3.3338466 534 77
3.3410484 534 77
3.3482554 534 77
3.3554869 534 77
3.3626952 534 77
3.3698973 535 77
3.3770964 535 77
3.3842916 535 77
3.3914956 535 77
3.3986762 535 77
3.4058664 535 77
3.4130540 535 77
3.4202321 535 77
3.4274329 535 77
3.4346169 536 77
3.4418164 536 77
3.4490177 536 77
3.4562145 536 77
3.4634087 536 77
3.4706089 536 77
3.4777785 536 77
3.4849760 536 77
3.4921487 536 77
3.4993369 536 77
3.5065346 537 77
3.5137251 537 77
3.5208839 537 77
3.5281023 537 77
3.5352904 537 77
3.5425074 537 77
3.5497008 537 77
3.5568982 537 77
3.5640954 537 77
3.5712837 537 77
3.5784929 538 77
3.5856696 538 77
3.5928800 538 77
3.6000860 538 77
3.6073033 538 77
3.6144951 538 77
3.6216796 538 77
3.6288927 538 77
3.6360840 538 77
3.6433084 538 77
3.6505204 538 77
3.6577269 539 77
3.6649190 539 77
3.6721041 539 77
3.6792835 539 77
3.6864913 539 77
3.6936822 539 77
3.7008697 539 77
3.7080623 539 77
3.7152810 539 77
3.7224865 539 77
3.7296809 539 77
3.7368799 539 77
3.7440575 540 77
3.7512611 540 77
3.7584653 540 77
3.7656810 540 77
3.7728709 540 77
3.7800807 540 77
3.7872680 540 77
3.7944708 540 77
3.8016775 540 77
3.8088768 540 77
3.8160603 540 77
3.8232472 540 77
3.8304296 540 77
3.8376198 541 77
3.8448222 541 77
3.8520222 541 77
3.8592366 541 77
3.8664266 541 77
3.8736267 541 77
3.8808115 541 77
3.8880084 541 77
3.8952005 541 77
3.9024012 541 77
3.9095944 541 77
3.9167933 541 77
3.9240130 541 77
3.9311990 541 77
3.9384064 542 77
3.9456211 542 77
3.9528480 542 77
3.9600145 542 77
3.9672264 542 78
3.9744231 542 78
3.9815958 542 78
3.9887877 542 78
3.9959959 542 78
4.0031885 542 78
4.0103847 542 79
4.0175776 542 79
4.0247550 542 79
4.0319542 542 79
4.0391570 542 79
4.0463529 543 79
4.0535445 543 79
4.0607308 543 79
4.0679281 543 79
4.0751429 543 79
4.0823634 543 79
4.0895691 543 79
4.0967818 543 79
4.1039949 543 79
4.1112022 543 79
4.1184049 543 79
4.1256303 543 79
4.1328436 543 79
4.1400463 543 79
4.1472494 543 79
4.1544519 543 79
4.1616543 543 80
4.1688366 544 80
4.1760416 544 80
4.1832247 544 80
4.1904312 544 80
4.1976490 544 80
4.2048498 544 80
4.2120595 544 80
4.2192639 544 80
4.2264695 544 80
4.2336895 544 80
4.2408967 544 80
4.2480930 544 80
4.2552705 544 80
4.2624858 544 80
4.2696679 544 80
4.2768839 544 80
4.2840720 544 80
4.2912844 544 80
4.2984988 545 80
4.3057060 545 80
4.3129135 545 80
4.3201057 545 80
4.3273051 545 80
4.3344926 545 80
4.3416943 545 80
4.3488879 545 80
4.3560686 545 80
4.3632598 545 81
4.3704921 545 81
4.3776854 545 81
4.3848816 545 81
4.3920772 545 81
4.3992914 545 81
4.4065170 545 81
4.4137056 545 81
4.4208999 545 81
4.4280837 545 81
4.4353018 545 81
4.4425176 546 81
4.4497056 546 81
4.4569058 546 81
4.4641040 546 81
4.4712813 546 81
4.4784864 546 81
4.4857052 546 81
4.4928875 546 81
4.5000971 546 81
4.5073165 546 81
4.5145034 546 81
4.5217100 546 81
4.5289086 546 81
4.5361028 546 81
4.5432960 546 81
4.5505001 546 81
4.5577001 546 81
4.5648864 546 81
4.5721096 546 81
4.5793059 546 81
4.5864925 546 81
4.5937073 546 81
4.6009038 547 81
4.6080873 547 81
4.6152797 547 81
4.6224701 547 81
4.6296578 547 81
4.6368435 547 81
4.6440307 547 81
4.6512183 547 81
4.6583927 547 81
4.6655539 547 81
4.6727293 547 81
4.6799286 547 81
4.6871220 547 81
4.6943087 547 81
4.7015124 547 81
4.7087063 547 81
4.7158957 547 81
4.7231046 547 81
4.7303017 547 81
4.7374941 547 81
4.7446982 547 81
4.7518974 547 81
4.7590871 547 81
4.7663086 547 81
4.7735035 548 81
4.7806935 548 81
4.7878568 548 81
4.7950586 548 81
4.8022535 548 81
4.8094623 548 81
4.8166575 548 81
4.8238655 548 81
4.8310821 548 81
4.8382775 548 81
4.8454701 548 82
4.8526703 548 82
4.8598711 548 82
4.8670797 548 82
4.8742684 548 82
4.8814883 548 82
4.8886927 548 82
4.8959036 548 82
4.9031078 548 82
4.9103187 548 82
4.9175218 548 82
4.9247100 548 82
4.9319119 548 82
4.9391131 548 82
4.9463236 548 82
4.9535348 548 82
4.9607292 548 82
4.9679520 549 82
4.9751393 549 82
4.9823326 549 82
4.9895222 549 82
4.9967374 549 82
5.0039444 549 82
5.0111356 549 82
5.0183114 549 82
5.0255038 549 82
5.0327090 549 82
5.0399043 549 82
5.0470844 549 82
5.0542832 549 82
5.0614917 549 82
5.0686585 549 82
5.0758533 549 82
5.0830369 549 82
5.0902453 549 82
5.0974459 549 82
5.1046536 549 82
5.1118586 549 82
5.1190624 549 82
5.1262492 549 82
5.1334519 549 82
5.1406485 549 82
5.1478501 549 82
5.1550497 549 82
5.1622512 549 82
5.1694364 549 82
5.1766332 549 82
5.1838428 549 82
5.1910489 550 82
5.1982419 550 82
5.2054431 550 82
5.2126586 550 82
5.2198610 550 82
5.2270774 550 82
5.2343146 550 82
5.2414848 550 82
5.2486655 550 82
5.2558628 550 82
5.2630537 550 82
5.2702631 550 82
5.2774851 550 82
5.2846888 550 82
5.2918849 550 82
5.2990798 550 82
5.3062999 550 82
5.3135097 550 82
5.3207042 550 82
5.3279154 550 82
5.3350963 550 82
5.3422954 550 82
5.3494830 550 82
5.3566688 550 82
5.3638663 550 82
5.3710729 550 82
5.3782909 550 82
5.3854980 550 82
5.3926983 550 82
5.3998859 550 82
5.4070971 550 82
5.4143089 550 82
5.4215176 550 82
5.4287215 550 82
5.4359279 551 82
5.4431101 551 82
5.4503181 551 82
5.4575059 551 82
5.4647032 551 82
5.4718859 551 82
5.4790831 551 82
5.4862834 551 82
5.4934991 551 82
5.5007144 551 82
5.5079078 551 82
5.5150980 551 82
5.5222844 551 82
5.5294794 551 82
5.5366936 551 82
5.5438867 551 82
5.5511002 551 82
5.5583122 551 82
5.5655361 551 82
5.5727392 551 82
5.5799472 551 82
5.5871619 551 82
5.5943745 551 82
5.6015991 551 82
5.6088182 551 82
5.6160074 551 82
5.6231986 551 82
5.6303729 551 82
5.6375912 551 82
5.6447929 551 82
5.6519964 551 82
5.6592039 551 82
5.6663940 551 82
5.6735768 551 82
5.6807816 551 82
5.6879892 552 82
5.6952144 552 82
5.7024167 552 82
5.7095969 552 82
5.7167971 552 82
5.7239807 552 82
5.7311794 552 82
5.7383744 552 82
5.7455827 552 82
5.7527972 552 82
5.7599988 552 82
5.7671962 552 82
5.7744016 552 82
5.7815960 552 82
5.7888035 552 82
5.7959966 552 82
5.8031814 552 82
5.8103646 552 82
5.8175787 552 82
5.8247820 552 82
5.8320000 552 82
5.8391810 552 82
5.8463766 552 83
5.8535879 552 83
5.8607694 552 83
5.8679694 552 83
5.8751666 552 83
5.8823626 552 83
5.8895487 552 83
5.8967383 552 83
5.9039141 552 83
5.9110917 552 83
5.9182969 552 83
5.9254949 552 83
5.9326951 552 83
5.9398760 553 83
5.9470708 553 83
5.9542932 553 83
5.9614923 553 83
5.9686878 553 83
5.9758807 553 83
5.9830729 553 83
5.9902477 553 83
5.9974619 553 83
6.0046408 553 83
6.0118213 553 83
6.0190286 553 83
6.0262136 553 83
6.0334155 553 83
6.0406231 553 83
6.0478277 553 83
6.0550132 553 83
6.0622088 553 83
6.0694200 553 83
6.0766325 553 83
6.0838240 553 83
6.0910190 553 83
6.0982303 553 83
6.1054017 553 83
6.1126085 553 83
6.1198324 553 83
6.1270120 553 83
6.1342122 553 83
6.1414200 553 83
6.1486183 553 83
6.1558273 553 83
6.1630444 553 83
6.1702549 553 83
6.1774480 553 83
6.1846294 553 83
6.1918512 554 83
6.1990750 554 83
6.2062740 554 83
6.2134411 554 83
6.2206261 554 83
6.2278197 554 83
6.2350465 554 83
6.2422663 554 83
6.2494470 554 83
6.2566406 554 83
6.2638251 554 83
6.2710270 554 83
6.2782087 554 83
6.2854015 554 83
6.2925947 554 83
6.2998046 554 83
6.3070074 554 83
6.3142079 554 83
6.3213853 554 83
6.3285936 554 83
6.3357789 554 83
6.3429694 554 83
6.3501568 554 83
6.3573566 554 83
6.3645501 554 83
6.3717620 554 83
6.3789529 554 83
6.3861734 554 83
6.3933558 554 83
6.4005699 554 83
6.4077941 554 83
6.4150063 554 83
6.4222062 554 83
6.4294039 554 83
6.4366059 554 83
6.4438112 555 83
6.4510106 555 83
6.4582298 555 83
6.4654332 555 83
6.4726388 555 83
6.4798357 555 83
6.4870243 555 83
6.4942576 555 83
6.5014465 555 83
6.5086490 555 83
6.5158219 555 83
6.5230175 555 83
6.5302144 555 83
6.5374173 555 83
6.5446116 555 83
6.5517990 555 83
6.5590036 555 83
6.5662249 555 83
6.5734195 555 83
6.5806007 555 83
6.5878126 555 83
6.5950044 555 83
6.6022162 555 83
6.6094349 555 83
6.6166328 555 83
6.6238237 555 83
6.6310128 555 83
6.6382243 555 83
6.6454246 555 83
6.6526387 555 83
6.6598513 555 83
6.6670611 555 83
6.6742486 555 83
6.6814456 555 83
6.6886315 555 83
6.6958322 556 83
6.7030404 556 83
6.7102245 556 83
6.7174253 556 83
6.7246263 556 83
6.7318355 556 83
6.7390426 556 83
6.7462458 556 83
6.7534332 556 83
6.7606336 556 83
6.7678587 556 83
6.7750378 556 83
6.7822382 556 83
6.7894432 556 83
6.7966662 556 83
6.8038699 556 83
6.8110606 556 83
6.8182526 556 83
6.8254506 556 83
6.8326633 556 83
6.8398527 556 83
6.8470474 556 83
6.8542452 556 83
6.8614552 556 83
6.8686432 556 83
6.8758298 556 83
6.8830185 556 83
6.8902203 556 83
6.8974205 556 83
6.9046159 556 83
6.9118241 556 83
6.9190320 556 83
6.9262452 556 83
6.9334494 556 83
6.9406375 557 83
6.9478616 557 83
6.9550670 557 83
6.9622733 557 83
6.9694644 557 83
6.9766485 557 83
6.9838393 557 83
6.9910385 557 83
6.9982484 557 83
7.0054440 557 83
7.0126368 557 83
7.0198425 557 83
7.0270277 557 83
7.0342382 557 83
7.0414403 557 83
7.0486235 557 83
7.0558372 557 83
7.0630445 557 83
7.0702706 557 83
7.0774651 557 83
7.0846595 557 83
7.0918795 557 83
7.0990669 557 83
7.1062607 557 83
7.1134615 557 83
7.1206666 557 83
7.1278663 557 83
7.1350661 557 83
7.1422579 557 83
7.1494495 557 83
7.1566431 557 83
7.1638375 557 83
7.1710171 557 83
7.1782056 557 83
7.1854054 557 83
7.1926116 558 83
7.1998259 558 83
7.2070089 558 83
7.2142037 558 83
7.2214204 558 83
7.2286038 558 83
7.2357961 558 83
7.2429847 558 83
7.2501768 558 83
7.2573937 558 83
7.2645871 558 83
7.2717915 558 83
7.2789994 558 83
7.2861928 558 83
7.2933722 558 83
7.3005770 558 83
7.3077837 558 83
7.3149884 558 83
7.3221925 558 83
7.3294048 558 83
7.3366029 558 83
7.3438281 558 83
7.3510347 558 83
7.3582459 558 83
7.3654582 558 83
7.3726441 558 83
7.3798532 558 83
7.3870490 558 83
7.3942504 558 83
7.4014537 558 83
7.4086353 558 83
7.4158300 558 83
7.4230423 558 83
7.4302552 558 83
7.4374587 558 83
7.4446182 559 83
7.4518199 559 83
7.4590121 559 83
7.4662201 559 83
7.4734424 559 83
7.4806414 559 83
7.4878343 559 83
7.4950347 559 83
7.5022394 559 83
7.5094251 559 83
7.5166085 559 83
7.5238006 559 83
7.5310057 559 83
7.5382094 559 83
7.5454141 559 83
7.5526021 559 83
7.5597951 559 83
7.5670046 559 83
7.5741976 559 83
7.5813894 559 83
7.5885923 559 83
7.5958103 559 83
7.6030144 559 83
7.6102116 559 83
7.6174027 559 83
7.6246103 559 83
7.6317981 559 83
7.6389847 559 83
7.6461890 559 83
7.6533937 559 83
7.6605876 559 83
7.6677864 559 83
7.6749789 559 83
7.6821819 559 83
7.6893936 560 83
7.6965903 560 83
7.7037802 560 83
7.7109793 560 83
7.7181828 560 83
7.7254032 560 83
7.7326042 560 83
7.7398254 560 83
7.7470189 560 83
7.7542158 560 83
7.7614211 560 83
7.7686178 560 83
7.7758284 560 83
7.7830306 560 83
7.7902357 560 83
7.7974511 560 83
7.8046392 560 83
7.8118509 560 83
7.8190464 560 83
7.8262360 560 83
7.8334346 560 83
7.8406524 560 83
7.8478470 560 83
7.8550315 560 83
7.8622340 560 83
7.8694276 560 83
7.8766303 560 83
7.8838117 560 83
7.8910207 560 83
7.8982247 560 83
7.9054310 560 83
7.9126305 560 83
7.9198493 560 83
7.9270482 560 83
7.9342459 560 83
7.9414685 561 83
7.9486570 561 83
7.9558707 561 83
7.9630627 561 83
7.9702758 561 83
7.9774568 561 83
7.9846605 561 83
7.9918639 561 83
7.9990728 561 83
8.0062672 561 83
8.0134709 561 83
8.0206858 561 83
8.0278945 561 83
8.0350809 561 83
8.0422888 561 83
8.0495065 561 83
8.0567006 561 83
8.0639052 561 83
8.0710818 561 83
8.0782782 561 83
8.0854739 561 83
8.0926648 561 83
8.0998483 561 83
8.1070401 561 83
8.1142300 561 83
8.1214322 561 83
8.1286456 561 83
8.1358456 561 83
8.1430296 561 83
8.1502312 561 83
8.1574286 561 83
8.1646442 561 83
8.1718491 561 83
8.1790443 561 83
8.1862618 561 83
8.1934677 562 83
8.2006876 562 83
8.2078833 562 84
8.2150518 562 84
8.2222217 562 84
8.2294264 562 84
8.2366319 562 84
8.2438215 562 84
8.2510200 562 84
8.2582146 562 84
8.2654282 562 84
8.2726334 562 84
8.2798405 562 84
8.2870322 562 84
8.2942434 562 84
8.3014326 562 84
8.3086130 562 84
8.3158035 562 84
8.3230202 562 84
8.3302237 562 84
8.3374147 562 84
8.3446108 562 84
8.3518104 562 84
8.3590041 562 84
8.3661967 562 84
8.3733843 562 84
8.3805773 562 84
8.3877868 562 84
8.3949839 562 84
8.4021934 562 84
8.4093890 562 84
8.4166011 562 84
8.4238077 562 84
8.4310160 562 84
8.4381919 562 84
8.4453896 563 84
8.4526024 563 84
8.4597913 563 84
8.4669931 563 84
8.4741944 563 84
8.4813921 563 84
8.4885941 563 84
8.4957880 563 84
8.5029907 563 84
8.5101600 563 84
8.5173648 563 84
8.5245755 563 84
8.5317819 563 84
8.5389677 563 84
8.5461515 563 84
8.5533568 563 84
8.5605621 563 84
8.5677550 563 84
8.5749618 563 84
8.5821751 563 84
8.5893832 563 84
8.5965952 563 84
8.6038038 563 84
8.6110028 563 84
8.6181958 563 84
8.6253973 563 84
8.6325987 563 84
8.6397999 563 84
8.6470067 563 84
8.6542205 563 84
8.6614122 563 84
8.6686352 563 84
8.6758621 563 84
8.6830612 563 84
8.6902579 563 84
8.6974677 564 84
8.7046528 564 84
8.7118484 564 84
8.7190542 564 84
8.7262497 564 84
8.7334393 564 84
8.7406392 564 84
8.7478590 564 84
8.7550727 564 84
8.7622710 564 84
8.7694581 564 84
8.7766463 564 84
8.7838409 564 84
8.7910615 564 84
8.7982776 564 84
8.8054788 564 84
8.8127046 564 84
8.8199284 564 84
8.8271248 564 84
8.8343321 564 84
8.8415669 564 84
8.8487596 564 84
8.8559749 564 84
8.8631815 564 84
8.8704078 564 84
8.8776133 564 84
8.8848096 564 84
8.8920245 564 84
8.8992381 564 84
8.9064620 564 84
8.9136594 564 84
8.9208473 564 84
8.9280435 564 84
8.9352274 564 84
8.9424010 564 84
8.9495990 565 84
8.9567842 565 84
8.9639788 565 84
8.9711758 565 84
8.9783554 565 84
8.9855565 565 84
8.9927635 565 84
8.9999602 565 84
9.0071834 565 84
9.0143856 565 84
9.0215866 565 84
9.0287696 565 84
9.0359623 565 84
9.0431949 565 84
9.0503760 565 84
9.0575690 565 84
9.0647527 565 84
9.0719646 565 84
9.0791347 565 84
9.0863569 565 84
9.0935522 565 84
9.1007634 565 84
9.1079665 565 84
9.1151678 565 84
9.1223682 565 84
9.1295631 565 84
9.1367496 565 84
9.1439663 565 84
9.1511667 565 84
9.1583610 565 84
9.1655540 565 84
9.1727467 565 84
9.1799657 565 84
9.1871805 565 84
9.1943674 565 84
9.2015743 566 84
9.2087621 566 84
9.2159553 566 84
9.2231572 566 84
9.2303821 566 84
9.2376004 566 84
9.2448154 566 84
9.2520039 566 84
9.2591892 566 84
9.2664138 566 84
9.2736028 566 84
9.2808159 566 84
9.2880119 566 84
9.2951966 566 84
9.3023903 566 84
9.3095951 566 84
9.3167824 566 84
9.3239888 566 84
9.3311900 566 84
9.3383917 566 84
9.3456138 566 84
9.3528285 566 84
9.3600132 566 84
9.3672062 566 85
9.3744239 566 85
9.3816291 566 85
9.3888046 566 85
9.3960020 566 85
9.4032087 566 85
9.4104138 566 85
9.4176057 566 85
9.4248164 566 85
9.4320321 566 85
9.4392242 566 85
9.4464307 567 85
9.4536327 567 85
9.4608370 567 85
9.4680258 567 85
9.4752010 567 85
9.4823949 567 85
9.4895956 567 85
9.4968116 567 85
9.5039975 567 85
9.5112065 567 85
9.5184044 567 85
9.5256112 567 85
9.5328325 567 85
9.5400338 567 85
9.5472525 567 85
9.5544542 567 85
9.5616384 567 85
9.5688279 567 85
9.5760417 567 85
9.5832472 567 85
9.5904572 567 85
9.5976606 567 85
9.6048699 567 85
9.6120624 567 85
9.6192697 567 85
9.6264787 567 85
9.6336744 567 85
9.6408522 567 85
9.6480460 567 85
9.6552367 567 85
9.6624228 567 85
9.6696217 567 85
9.6767976 567 85
9.6840085 567 85
9.6911954 567 85
9.6983775 568 85
9.7055924 568 85
9.7127911 568 85
9.7199927 568 85
9.7272060 568 85
9.7343924 568 85
9.7415995 568 85
9.7488007 568 85
9.7559829 568 85
9.7631880 568 85
9.7703970 568 85
9.7775903 568 85
9.7847778 568 85
9.7919709 568 85
9.7991656 568 85
9.8063585 568 85
9.8135614 568 85
9.8207572 568 85
9.8279527 568 85
9.8351604 568 85
9.8423665 568 85
9.8495601 568 85
9.8567609 568 85
9.8639738 568 85
9.8711749 568 85
9.8783746 568 85
9.8855578 568 85
9.8927539 568 85
9.8999686 568 85
9.9071409 568 85
9.9143406 568 85
9.9215515 568 85
9.9287651 568 85
9.9359492 568 85
9.9431534 568 85
9.9503623 569 85
9.9575482 569 85
9.9647543 569 85
9.9719551 569 85
9.9791709 569 85
9.9863731 569 85
9.9935938 569 85
10.0007914 569 85
10.0079940 569 85
10.0151843 569 85
10.0223819 569 85
10.0295682 569 85
10.0367824 569 85
10.0439930 569 85
10.0511867 569 85
10.0583845 569 85
10.0655780 569 85
10.0727697 569 85
10.0799871 569 85
10.0871903 569 85
10.0943888 569 85
10.1015924 569 85
10.1087829 569 85
10.1159637 569 85
10.1231425 569 85
10.1303465 569 85
10.1375619 569 85
10.1447801 569 85
10.1519708 569 85
10.1591636 569 85
10.1663695 569 85
10.1735702 569 85
10.1807707 569 85
10.1879783 569 85
10.1951621 569 85
10.2023737 570 85
10.2095722 570 85
10.2167715 570 85
10.2239824 570 85
10.2311857 570 85
10.2383768 570 85
10.2456112 570 85
10.2527991 570 85
10.2600115 570 85
10.2672042 570 85
10.2743954 570 85
10.2815906 570 85
10.2887865 570 85
10.2959727 570 85
10.3031788 570 85
10.3103529 570 85
10.3175516 570 85
10.3247264 570 85
10.3319185 570 85
10.3391301 570 85
10.3463295 570 85
10.3535150 570 85
10.3606965 570 85
10.3678968 570 85
10.3751117 570 85
10.3823141 570 85
10.3895123 570 85
10.3967058 570 85
10.4039190 570 85
10.4111136 570 85
10.4183288 570 85
10.4255252 570 85
10.4327166 570 85
10.4399090 570 85
10.4471056 571 85
10.4542785 571 85
10.4614906 571 85
10.4686750 571 85
10.4758840 571 85
10.4830558 571 85
10.4902667 571 85
10.4974704 571 85
10.5046810 571 85
10.5118890 571 85
10.5190878 571 85
10.5262947 571 85
10.5334858 571 85
10.5406728 571 85
10.5478811 571 85
10.5550736 571 85
10.5622633 571 85
10.5694665 571 85
10.5766570 571 85
10.5838479 571 85
10.5910601 571 85
10.5982592 571 85
10.6054724 571 85
10.6127188 571 85
10.6199062 571 85
10.6270772 571 85
10.6342725 571 85
10.6414662 571 85
10.6486788 571 85
10.6558722 571 85
10.6630685 571 85
10.6702675 571 85
10.6774585 571 85
10.6846504 571 85
10.6918572 571 85
10.6990373 572 85
10.7062441 572 85
10.7134323 572 85
10.7206435 572 85
10.7278244 572 85
10.7350182 572 85
10.7422241 572 85
10.7494137 572 85
10.7566196 572 85
10.7638253 572 85
10.7710263 572 85
10.7782176 572 85
10.7854129 572 85
10.7926196 572 85
10.7998004 572 85
10.8070306 572 85
10.8142274 572 85
10.8214180 572 85
10.8286102 572 85
10.8358243 572 85
10.8430363 572 85
10.8502416 572 85
10.8574483 572 85
10.8646644 572 85
10.8718504 572 85
10.8790418 572 85
10.8862342 572 85
10.8934406 572 85
10.9006425 572 85
10.9078613 572 85
10.9150291 572 85
10.9222053 572 85
10.9294143 572 85
10.9366230 572 85
10.9438112 572 85
10.9510113 573 85
10.9581895 573 85
10.9654006 573 85
10.9725967 573 85
10.9798105 573 85
10.9870180 573 85
10.9942215 573 85
11.0013975 573 85
11.0085958 573 85
11.0157674 573 85
11.0229834 573 85
11.0302000 573 85
11.0374013 573 85
11.0446067 573 85
11.0518036 573 85
11.0589908 573 85
11.0662117 573 85
11.0734123 573 85
11.0806126 573 85
11.0878203 573 85
11.0950339 573 85
11.1022292 573 85
11.1094314 573 85
11.1166340 573 85
11.1238498 573 85
11.1310572 573 85
11.1382415 573 85
11.1454492 573 85
11.1526728 573 85
11.1598957 573 85
11.1671009 573 85
11.1743006 573 85
11.1815017 573 85
11.1887087 573 85
11.1959160 573 85
11.2031390 574 85
11.2103325 574 85
11.2175144 574 85
11.2247119 574 85
11.2319083 574 85
11.2391204 574 85
11.2463229 574 85
11.2535160 574 85
11.2607432 574 85
11.2679158 574 85
11.2751219 574 85
11.2823270 574 85
11.2895284 574 85
11.2967300 574 85
11.3039299 574 85
11.3111050 574 85
11.3183008 574 85
11.3254944 574 85
11.3326877 574 85
11.3398635 574 85
11.3470605 574 85
11.3542693 574 85
11.3614589 574 85
11.3686620 574 85
11.3758636 574 85
11.3830569 574 85
11.3902597 574 85
11.3974656 574 85
11.4046674 574 85
11.4118632 574 85
11.4190540 574 85
11.4262583 574 85
11.4334490 574 85
11.4406695 574 85
11.4478614 574 85
11.4550680 575 85
11.4622725 575 85
11.4694941 575 85
11.4766985 575 85
11.4838989 575 85
11.4910982 575 85
11.4982875 575 85
11.5055078 575 85
11.5127149 575 85
11.5199158 575 85
11.5271071 575 85
11.5342967 575 85
11.5415013 575 85
11.5487190 575 85
11.5559129 575 85
11.5631191 575 85
11.5703243 575 85
11.5774992 575 85
11.5846949 575 85
11.5919133 575 85
11.5991254 575 85
11.6063271 575 85
11.6135314 575 85
11.6207233 575 85
11.6279378 575 85
11.6351340 575 85
11.6423105 575 85
11.6495172 575 85
11.6567103 575 85
11.6639124 575 85
11.6711203 575 85
11.6783203 575 85
11.6855023 575 85
11.6926886 575 85
11.6999068 576 85
11.7070912 576 85
11.7142934 576 85
11.7214920 576 85
11.7286745 576 85
11.7358652 576 85
11.7430614 576 85
11.7502549 576 85
11.7574659 576 85
11.7646853 576 85
11.7718918 576 85
11.7791066 576 85
11.7863081 576 85
11.7935252 576 85
11.8007365 576 85
11.8079332 576 85
11.8151215 576 85
11.8223389 576 85
11.8295301 576 85
11.8367326 576 85
11.8439079 576 85
11.8510826 576 85
11.8583019 576 85
11.8654825 576 85
11.8726798 576 85
11.8798855 576 85
11.8870896 576 85
11.8942912 576 85
11.9014888 576 86
11.9086929 576 86
11.9159010 576 86
11.9231096 576 86
11.9303018 576 86
11.9374822 576 86
11.9446908 576 86
11.9519082 577 86
11.9591089 577 86
11.9663192 577 86
11.9735143 577 86
11.9807095 577 86
11.9879253 577 86
11.9951232 577 86
12.0023304 577 86
12.0095444 577 86
12.0167438 577 86
12.0239266 577 86
12.0311058 577 86
12.0382810 577 86
12.0454569 577 86
12.0526572 577 86
12.0598320 577 86
12.0670248 577 86
12.0742125 577 86
12.0814134 577 86
12.0885984 577 86
12.0957922 577 86
12.1030220 577 86
12.1102316 577 86
12.1174410 577 86
12.1246253 577 86
12.1318261 577 86
12.1390268 577 86
12.1462374 577 86
12.1534566 577 86
12.1606663 577 86
12.1678669 577 86
12.1750663 577 86
12.1822636 577 86
12.1894810 577 86
12.1966670 577 86
12.2038636 578 86
12.2110457 578 86
12.2182626 578 86
12.2254817 578 86
12.2327061 578 86
12.2398891 578 86
12.2471032 578 86
12.2543047 578 86
12.2615165 578 86
12.2687114 578 86
12.2759106 578 86
12.2830952 578 86
12.2902955 578 86
12.2975075 578 86
12.3047159 578 86
12.3118969 578 86
12.3190763 578 86
12.3262845 578 86
12.3335072 578 86
12.3407053 578 86
12.3478743 578 86
12.3550632 578 86
12.3622548 578 86
12.3694662 578 86
12.3766475 578 86
12.3838225 578 86
12.3909994 578 86
12.3981605 578 86
12.4053510 578 86
12.4125611 578 86
12.4197696 578 86
12.4269787 578 86
12.4341765 578 86
12.4413866 578 86
12.4485626 578 86
12.4557616 579 86
12.4629622 579 86
12.4701630 579 86
12.4773670 579 86
12.4845668 579 86
12.4917799 579 86
12.4989748 579 86
12.5061794 579 86
12.5133641 579 86
12.5205485 579 86
12.5277574 579 86
12.5349449 579 86
12.5421405 579 86
12.5493367 579 86
12.5565374 579 86
12.5637298 579 86
12.5709512 579 86
12.5781433 579 86
12.5853303 579 86
12.5925094 579 86
12.5997302 579 86
12.6069380 579 86
12.6141385 579 86
12.6213373 579 86
12.6285227 579 86
12.6357263 579 86
12.6429243 579 86
12.6501276 579 86
12.6573305 579 86
12.6645275 579 86
12.6717265 579 86
12.6789272 579 86
12.6861171 579 86
12.6933176 579 86
12.7005193 579 86
12.7077132 580 86
12.7148846 580 86
12.7220795 580 86
12.7292757 580 86
12.7364824 580 86
12.7436957 580 86
12.7508730 580 86
12.7580676 580 86
12.7652395 580 86
12.7724459 580 86
12.7796455 580 86
12.7868554 580 86
12.7940520 580 86
12.8012702 580 86
12.8084677 580 86
12.8156794 580 86
12.8228864 580 86
12.8300615 580 86
12.8372546 580 86
12.8444500 580 86
12.8516595 580 86
12.8588668 580 86
12.8660586 580 86
12.8732599 580 86
12.8804469 580 86
12.8876510 580 86
12.8948222 580 86
12.9020333 580 86
12.9092122 580 86
12.9164084 580 86
12.9236118 580 86
12.9307986 580 86
12.9379817 580 86
12.9451733 580 86
12.9523610 580 86
12.9595474 581 86
12.9667624 581 86
12.9739694 581 86
12.9811718 581 86
12.9883680 581 86
12.9955453 581 86
13.0027355 581 86
13.0099451 581 86
13.0171175 581 86
13.0243407 581 86
13.0315592 581 86
13.0387647 581 86
13.0459726 581 86
13.0531684 581 86
13.0603755 581 86
13.0675800 581 86
13.0747669 581 86
13.0819464 581 86
13.0891418 581 86
13.0963662 581 86
13.1035791 581 86
13.1107643 581 86
13.1179799 581 86
13.1251894 581 86
13.1323810 581 86
13.1395698 581 86
13.1467671 581 86
13.1539686 581 86
13.1611900 581 86
13.1683727 581 86
13.1755596 581 86
13.1827496 581 86
13.1899444 581 86
13.1971148 581 86
13.2043161 582 86
13.2115096 582 86
13.2187119 582 86
13.2259212 582 86
13.2330911 582 86
13.2402939 582 86
13.2474962 582 86
13.2547109 582 86
13.2619170 582 86
13.2691441 582 86
13.2763328 582 86
13.2835421 582 86
13.2907555 582 86
13.2979615 582 86
13.3051661 582 86
13.3123712 582 86
13.3195541 582 86
13.3267502 582 86
13.3339408 582 86
13.3411505 582 86
13.3483471 582 86
13.3555466 582 86
13.3627500 582 86
13.3699591 582 86
13.3771703 582 86
13.3843509 582 86
13.3915542 582 86
13.3987671 582 86
13.4059635 582 86
13.4131791 582 86
13.4203743 582 86
13.4275727 582 86
13.4347621 582 86
13.4419674 582 86
13.4491756 582 86
13.4563794 583 86
13.4635803 583 86
13.4708077 583 86
13.4779956 583 86
13.4851777 583 86
13.4924168 583 86
13.4996192 583 86
13.5068091 583 86
13.5140147 583 86
13.5212163 583 86
13.5284181 583 86
13.5356317 583 86
13.5428366 583 86
13.5500236 583 86
13.5572164 583 86
13.5644273 583 86
13.5716130 583 86
13.5788118 583 86
13.5860058 583 86
13.5931822 583 86
13.6004119 583 86
13.6076321 583 86
13.6148542 583 86
13.6220499 583 86
13.6292534 583 86
13.6364414 583 86
13.6436489 583 86
13.6508526 583 86
13.6580484 583 86
13.6652484 583 86
13.6724415 583 86
13.6796464 583 86
13.6868552 583 86
13.6940422 583 86
13.7012414 583 86
13.7084434 584 86
13.7156682 584 86
13.7228734 584 86
13.7301001 584 86
13.7372962 584 86
13.7444836 584 86
13.7516678 584 86
13.7588820 584 86
13.7660962 584 86
13.7732866 584 86
13.7805049 584 86
13.7876919 584 86
13.7948828 584 86
13.8020856 584 86
13.8092761 584 86
13.8164809 584 86
13.8236919 584 86
13.8309089 584 86
13.8381041 584 86
13.8453070 584 86
13.8525115 584 86
13.8597110 584 86
13.8669078 584 86
13.8741084 584 86
13.8813195 584 86
13.8885038 584 86
13.8957061 584 86
13.9028830 584 86
13.9100805 584 86
13.9172826 584 86
13.9244727 584 86
13.9316671 584 86
13.9388708 584 86
13.9460585 584 86
13.9532551 584 86
13.9604423 585 86
13.9676427 585 86
13.9748322 585 86
13.9820346 585 86
13.9892225 585 86
13.9964461 585 86
14.0036544 585 86
14.0108461 585 86
14.0180559 585 86
14.0252549 585 86
14.0324740 585 86
14.0396806 585 86
14.0468697 585 86
14.0540667 585 86
14.0612737 585 86
14.0684533 585 86
14.0756496 585 86
14.0828370 585 86
14.0900450 585 86
14.0972556 585 86
14.1044550 585 86
14.1116795 585 86
14.1188529 585 86
14.1260432 585 86
14.1332512 585 86
14.1404591 585 86
14.1476629 585 86
14.1548687 585 86
14.1620758 585 86
14.1692925 585 86
14.1764780 585 86
14.1836768 585 86
14.1908683 585 86
14.1980653 585 86
14.2052391 586 86
14.2124275 586 86
14.2196302 586 86
14.2268348 586 86
14.2340458 586 86
14.2412375 586 86
14.2484536 586 86
14.2556486 586 86
14.2628338 586 86
14.2700420 586 86
14.2772597 586 86
14.2844736 586 86
14.2917021 586 86
14.2989212 586 86
14.3061370 586 86
14.3133384 586 86
14.3205335 586 86
14.3277388 586 86
14.3349580 586 86
14.3421896 586 86
14.3493912 586 86
14.3565984 586 86
14.3638058 586 86
14.3710089 586 86
14.3782021 586 86
14.3853927 586 86
14.3926024 586 86
14.3998136 586 86
14.4070194 586 86
14.4142159 586 86
14.4213924 586 86
14.4286018 586 86
14.4357924 586 86
14.4430046 586 86
14.4502115 586 86
14.4573893 587 86
14.4646170 587 86
14.4718110 587 86
14.4790203 587 86
14.4862127 587 86
14.4934090 587 86
14.5006088 587 86
14.5078138 587 86
14.5150223 587 86
14.5222480 587 86
14.5294819 587 86
14.5366905 587 86
14.5438990 587 86
14.5511115 587 86
14.5583216 587 86
14.5655241 587 86
14.5727217 587 86
14.5799167 587 86
14.5871243 587 86
14.5943189 587 86
14.6015145 587 86
14.6086994 587 86
14.6159174 587 86
14.6231200 587 86
14.6303315 587 86
14.6375440 587 86
14.6447269 587 86
14.6519238 587 87
14.6591123 587 87
14.6663063 587 87
14.6734960 587 87
14.6806936 587 87
14.6878904 587 87
14.6950970 587 87
14.7022821 588 87
14.7094568 588 87
14.7166621 588 87
14.7238653 588 87
14.7310570 588 87
14.7382519 588 87
14.7454534 588 87
14.7526500 588 87
14.7598685 588 87
14.7670654 588 87
14.7742672 588 87
14.7814624 588 87
14.7886739 602 87
14.7958706 602 87
14.8030670 602 87
14.8102706 602 87
14.8174710 602 87
14.8246761 602 87
14.8318936 602 87
14.8390775 602 87
14.8462699 602 87
14.8534749 602 87
14.8606835 602 87
14.8678781 602 87
14.8750826 602 87
14.8822896 602 87
14.8894930 602 87
14.8966968 602 87
14.9038682 602 87
14.9110659 602 87
14.9182706 602 87
14.9254804 602 87
14.9326790 602 87
14.9398985 602 87
14.9471099 602 87
14.9542961 603 87
14.9614989 603 87
14.9687064 603 87
14.9758978 603 87
14.9830928 603 87
14.9902869 603 87
14.9974805 603 87
15.0046962 603 87
15.0119472 603 87
15.0191493 603 87
15.0263500 603 87
15.0335492 603 87
15.0407549 603 87
15.0479475 603 87
15.0551359 603 87
15.0623240 603 87
15.0695370 603 87
15.0767425 603 87
15.0839376 603 87
15.0911304 603 87
15.0983436 603 87
15.1055643 603 87
15.1127750 603 87
15.1199595 603 87
15.1271606 603 87
15.1343587 603 87
15.1415622 603 87
15.1487505 603 87
15.1559494 603 87
15.1631640 603 87
15.1703715 613 87
15.1775748 613 87
15.1847650 613 87
15.1919488 613 87
15.1991490 613 87
15.2063485 614 87
15.2135388 614 87
15.2207421 614 87
15.2279318 614 87
15.2351317 614 87
15.2423227 614 87
15.2495093 614 87
15.2567272 614 87
15.2639263 614 87
15.2711292 614 87
15.2783232 614 87
15.2855377 614 87
15.2927367 614 87
15.2999152 614 87
15.3071289 614 87
15.3143473 614 87
15.3215587 614 87
15.3287528 614 87
15.3359569 614 87
15.3431441 614 87
15.3503344 614 87
15.3575558 614 87
15.3647846 614 87
15.3719538 614 87
15.3791614 614 87
15.3863510 614 87
15.3935516 614 87
15.4007699 614 87
15.4079808 614 87
15.4151910 614 87
15.4223981 614 87
15.4295998 614 87
15.4367991 614 87
15.4440018 614 87
15.4512184 614 87
15.4584174 615 87
15.4656221 615 87
15.4728262 615 87
15.4800200 615 87
15.4872109 615 87
15.4944167 615 87
15.5016256 615 87
15.5088302 615 87
15.5160336 615 87
15.5232310 615 87
15.5304352 615 87
15.5376347 615 87
15.5448257 615 87
15.5520280 615 87
15.5592193 615 87
15.5664394 615 87
15.5736397 615 87
15.5808499 615 87
15.5880368 615 87
15.5952498 615 87
15.6024454 615 87
15.6096411 615 87
15.6168200 615 87
15.6240065 615 87
15.6312090 615 87
15.6384127 615 87
15.6456138 615 87
15.6528243 615 87
15.6600155 615 87
15.6672255 615 87
15.6744464 615 87
15.6816460 615 87
15.6888513 615 87
15.6960593 615 87
15.7032439 615 87
15.7104266 616 87
15.7176296 616 87
15.7248256 616 87
15.7320100 616 87
15.7392014 616 87
15.7463798 616 87
15.7535713 616 87
15.7607617 616 87
15.7679892 616 87
15.7751820 616 87
15.7823660 616 87
15.7895630 616 87
15.7967656 616 87
15.8039634 616 87
15.8111554 616 87
15.8183377 616 87
15.8255449 616 87
15.8327545 616 87
15.8399528 616 87
15.8471404 616 87
15.8543459 616 87
15.8615729 616 87
15.8687849 616 87
15.8759927 616 87
15.8831776 616 87
15.8903578 616 87
15.8975733 616 87
15.9047727 616 87
15.9119823 616 87
15.9191712 616 87
15.9263881 616 87
15.9336058 616 87
15.9408046 616 87
15.9479906 616 87
15.9552231 616 87
15.9624491 617 87
15.9696424 617 87
15.9768457 617 87
15.9840359 617 87
15.9912370 617 87
15.9984424 617 87
16.0056293 617 87
16.0128144 617 87
16.0200200 617 87
16.0272081 617 87
16.0344063 617 87
16.0416198 617 87
16.0488049 617 87
16.0560218 617 87
16.0632243 617 87
16.0704225 617 87
16.0776328 617 87
16.0848369 617 87
16.0920430 617 87
16.0992591 617 87
16.1064603 617 87
16.1136550 617 87
16.1208786 617 87
16.1280878 617 87
16.1353072 617 87
16.1425497 617 87
16.1497762 617 87
16.1569583 617 87
16.1641505 617 87
16.1713502 617 87
16.1785397 617 87
16.1857398 617 87
16.1929411 617 87
16.2001441 617 87
16.2073495 617 87
16.2145502 618 87
16.2217665 618 87
16.2289684 618 87
16.2361724 618 87
16.2433990 618 87
16.2505913 618 87
16.2577886 618 87
16.2649941 618 87
16.2721862 618 87
16.2793932 618 87
16.2866056 618 87
16.2937989 618 87
16.3009809 618 87
16.3081832 618 87
16.3153995 618 87
16.3226018 618 87
16.3297734 618 87
16.3369733 618 87
16.3441760 618 87
16.3514182 618 87
16.3586073 618 87
16.3657979 618 87
16.3729722 618 87
16.3801686 618 87
16.3873545 618 87
16.3945480 618 87
16.4017476 618 87
16.4089328 618 87
16.4161316 618 87
16.4233241 618 87
16.4304976 618 87
16.4376871 618 87
16.4448895 618 87
16.4521065 618 87
16.4592912 618 87
16.4664798 619 87
16.4736834 619 87
16.4808806 619 87
16.4880875 619 87
16.4953031 619 87
16.5025091 619 87
16.5096881 619 87
16.5168994 619 87
16.5240833 619 87
16.5312736 619 87
16.5384860 619 87
16.5456559 619 87
16.5528668 619 87
16.5600860 619 87
16.5673004 619 87
16.5745036 619 87
16.5817095 619 87
16.5889274 619 87
16.5961505 619 87
16.6033429 619 87
16.6105590 619 87
16.6177587 619 87
16.6249444 619 87
16.6321407 619 87
16.6393468 619 87
16.6465516 619 87
16.6537630 619 87
16.6609566 619 87
16.6681517 619 87
16.6753569 619 87
16.6825476 619 87
16.6897566 619 87
16.6969622 619 87
16.7041475 619 87
16.7113131 620 87
16.7185084 620 87
16.7257260 620 87
16.7329346 620 87
16.7401354 620 87
16.7473460 620 87
16.7545380 620 87
16.7617184 620 87
16.7689170 620 87
16.7761162 620 87
16.7833129 620 87
16.7905352 620 87
16.7977402 620 87
16.8049612 620 87
16.8121337 620 87
16.8193230 620 87
16.8265373 620 87
16.8337302 620 87
16.8409352 620 87
16.8481275 620 87
16.8553430 620 87
16.8625158 620 87
16.8697121 620 87
16.8768878 620 87
16.8840779 620 87
16.8912792 620 87
16.8984744 620 87
16.9056726 620 87
16.9128765 620 87
16.9200356 620 87
16.9272223 620 87
16.9344358 620 87
16.9416400 620 87
16.9488447 620 87
16.9560458 620 87
16.9632630 621 87
16.9704650 621 87
16.9776596 621 87
16.9848499 621 87
16.9920440 621 87
16.9992742 621 87
17.0064814 621 87
17.0136733 621 87
17.0208830 621 87
17.0280862 621 87
17.0352818 621 87
17.0425123 621 87
17.0497144 621 87
17.0569051 621 87
17.0641016 621 87
17.0713085 621 87
17.0785071 621 87
17.0857143 621 87
17.0929010 621 87
17.1000893 621 87
17.1072937 621 87
17.1144842 621 87
17.1216833 621 87
17.1288972 621 87
17.1360770 621 87
17.1432564 621 87
17.1504592 621 87
17.1576440 621 87
17.1648335 621 87
17.1720394 621 87
17.1792530 621 87
17.1864795 621 87
17.1936479 621 87
17.2008407 621 87
17.2080384 621 87
17.2152536 622 87
17.2224289 622 87
17.2296302 622 87
17.2368092 622 87
17.2440188 622 87
17.2512251 622 87
17.2584234 622 87
17.2656186 622 87
17.2728104 622 87
17.2800195 622 87
17.2872061 622 87
17.2944360 622 87
17.3016690 622 87
17.3088691 622 87
17.3160678 622 87
17.3232643 622 87
17.3304609 622 87
17.3376646 622 87
17.3448859 622 87
17.3520766 622 87
17.3592559 622 87
17.3664578 622 87
17.3736501 622 87
17.3808720 622 87
17.3880712 622 87
17.3952834 622 87
17.4024869 622 87
17.4096908 622 87
17.4168964 622 87
17.4240808 622 87
17.4312796 622 87
17.4384681 622 87
17.4456628 622 87
17.4528589 622 87
17.4600507 622 87
17.4672459 623 87
17.4744313 623 87
17.4816026 623 87
17.4887832 623 87
17.4959840 623 87
17.5032080 623 87
17.5104304 623 87
17.5176571 623 87
17.5248802 623 87
17.5320952 623 87
17.5393015 623 87
17.5465179 623 87
17.5537287 623 87
17.5609241 623 87
17.5681521 623 87
17.5753514 623 87
17.5825568 623 87
17.5897635 643 87
17.5969844 643 87
17.6041717 643 87
17.6113623 643 87
17.6185443 643 87
17.6257429 643 87
17.6329446 643 87
17.6401600 643 87
17.6473671 643 87
17.6545634 643 87
17.6617493 643 87
17.6689503 643 87
17.6761380 643 87
17.6833720 643 87
17.6905775 643 87
17.6977855 643 87
17.7050063 643 87
17.7122040 643 87
17.7193989 644 87
17.7266080 644 87
17.7337973 644 87
17.7409853 644 87
17.7481867 644 87
17.7553930 644 87
17.7625689 644 87
17.7697719 644 87
17.7769718 644 87
17.7841808 644 87
17.7913807 644 87
17.7985781 644 87
17.8057663 644 87
17.8129626 644 87
17.8201622 644 87
17.8273675 644 87
17.8345803 644 87
17.8417733 644 87
17.8489864 644 87
17.8561647 644 87
17.8633620 644 87
17.8705822 644 87
17.8777808 644 87
17.8849832 644 87
17.8921786 644 87
17.8993998 644 87
17.9065909 644 87
17.9137913 644 87
17.9210106 644 87
17.9282172 644 87
17.9354339 644 87
17.9426165 644 87
17.9498139 644 87
17.9570093 644 87
17.9642074 645 87
17.9714033 645 87
17.9786078 645 87
17.9858173 645 87
17.9930177 645 87
18.0002130 645 87
18.0074022 645 87
18.0145846 645 87
18.0217712 645 87
18.0289428 645 87
18.0361700 645 87
18.0433614 645 87
18.0505702 645 87
18.0577630 645 87
18.0649655 645 87
18.0721500 645 87
18.0793710 645 87
18.0865764 645 87
18.0937767 645 87
18.1009670 645 87
18.1081721 645 87
18.1153588 645 87
18.1225593 645 87
18.1297329 645 87
18.1369398 645 87
18.1441415 645 87
18.1513309 645 87
18.1585356 645 87
18.1657422 645 87
18.1729130 645 87
18.1801023 645 87
18.1872886 645 87
18.1944839 645 87
18.2016767 645 87
18.2088671 645 87
18.2160344 646 87
18.2232457 646 87
18.2304206 646 87
18.2376004 646 87
18.2447768 646 87
18.2519642 646 87
18.2591603 646 87
18.2663618 646 87
18.2735701 646 87
18.2807688 646 87
18.2879812 646 87
18.2951957 646 87
18.3023958 646 87
18.3096128 646 87
18.3168062 646 87
18.3240015 646 87
18.3312213 646 87
18.3384277 646 87
18.3456376 646 87
18.3528393 646 87
18.3600324 646 87
18.3672223 646 87
18.3744020 646 87
18.3816282 646 87
18.3888277 646 87
18.3960334 646 87
18.4032362 646 87
18.4104586 646 87
18.4176406 646 87
18.4248474 646 87
18.4320463 646 87
18.4392538 646 87
18.4464518 646 87
18.4536320 646 87
18.4608205 646 87
18.4680152 647 87
18.4752277 647 87
18.4824165 647 87
18.4896006 647 87
18.4968100 647 87
18.5040019 647 87
18.5112070 647 87
18.5183773 647 87
18.5255851 647 87
18.5327884 647 87
18.5399979 647 87
18.5472157 647 87
18.5544036 647 87
18.5615880 647 87
18.5687991 647 87
18.5760016 647 87
18.5832104 647 87
18.5904136 647 87
18.5976226 647 87
18.6048373 647 87
18.6120541 647 87
18.6192611 647 87
18.6264714 647 87
18.6336682 647 87
18.6408576 647 87
18.6480777 647 87
18.6552617 647 87
18.6624745 647 87
18.6697006 647 87
18.6768824 647 87
18.6840785 647 87
18.6912744 647 87
18.6984713 647 87
18.7056846 647 87
18.7128966 648 87
18.7201274 648 87
18.7273067 648 87
18.7344983 648 87
18.7417141 648 87
18.7489075 648 87
18.7560801 648 87
18.7632823 648 87
18.7704830 648 87
18.7776849 648 87
18.7848735 648 87
18.7920739 648 87
18.7992844 648 87
18.8064928 648 87
18.8136818 648 87
18.8208867 648 87
18.8280878 648 87
18.8352930 648 87
18.8424847 648 87
18.8496770 648 87
18.8568680 648 87
18.8640699 648 87
18.8712720 648 87
18.8784838 648 87
18.8856837 648 87
18.8928851 648 87
18.9000815 648 87
18.9072884 648 87
18.9144809 648 87
18.9216663 648 87
18.9288743 648 87
18.9360819 648 87
18.9432792 648 87
18.9504651 648 87
18.9576550 648 87
18.9648295 649 87
18.9720188 649 87
18.9792249 649 87
18.9864210 649 87
18.9936205 649 87
19.0008207 649 87
19.0080298 649 87
19.0152514 649 87
19.0224474 649 87
19.0296538 649 87
19.0368635 649 87
19.0440488 649 87
19.0512615 649 87
19.0584853 649 87
19.0656934 649 87
19.0729020 649 87
19.0801086 649 87
19.0873233 649 87
19.0945389 649 87
19.1017306 649 87
19.1089185 649 87
19.1161351 649 87
19.1233615 649 87
19.1305604 649 87
19.1377383 649 87
19.1449551 649 87
19.1521530 649 87
19.1593271 649 87
19.1665312 649 87
19.1737386 649 87
19.1809399 649 87
19.1881422 649 87
19.1953139 649 87
19.2025000 649 87
19.2097058 649 87
19.2169062 650 87
19.2241035 650 87
19.2312773 650 87
19.2384707 650 87
19.2456752 650 87
19.2528652 650 87
19.2600759 650 87
19.2672713 650 87
19.2744710 650 87
19.2816535 650 87
19.2888434 650 87
19.2960506 650 87
19.3032425 650 87
19.3104374 650 87
19.3176534 650 87
19.3248617 650 87
19.3320739 650 87
19.3392874 650 87
19.3464986 650 87
19.3537020 650 87
19.3609164 650 87
19.3681062 650 87
19.3752960 650 87
19.3824896 650 87
19.3896972 650 87
19.3968867 650 87
19.4040638 650 87
19.4112710 650 87
19.4184616 650 87
19.4256570 650 87
19.4328785 650 87
19.4400835 650 87
19.4472969 650 87
19.4545000 650 87
19.4616703 650 87
19.4688769 651 87
19.4760760 651 87
19.4832748 651 87
19.4904555 651 87
19.4976602 651 87
19.5048596 651 87
19.5120797 651 87
19.5192902 651 87
19.5264923 651 87
19.5337028 651 87
19.5409156 651 87
19.5481283 651 87
19.5553391 651 87
19.5625361 651 87
19.5697320 651 87
19.5769160 651 87
19.5840897 651 87
19.5912844 651 87
19.5984704 651 87
19.6056857 651 87
19.6128861 651 87
19.6200923 651 87
19.6272832 651 87
19.6344907 651 87
19.6416747 651 87
19.6488881 651 87
19.6560846 651 87
19.6632867 651 87
19.6704405 651 87
19.6776411 651 87
19.6848259 651 87
19.6920379 651 87
19.6992502 651 87
19.7064314 651 87
19.7136125 652 87
19.7208252 652 87
19.7280403 652 87
19.7352221 652 87
19.7424314 652 87
19.7496573 652 87
19.7568515 652 87
19.7640417 652 87
19.7712545 652 87
19.7784556 652 87
19.7856762 652 87
19.7928989 652 87
19.8001116 652 87
19.8073188 652 87
19.8145134 652 87
19.8217065 652 87
19.8288967 652 87
19.8360993 652 87
19.8432903 652 87
19.8504876 652 87
19.8576790 652 87
19.8648837 652 87
19.8720804 652 87
19.8792848 652 87
19.8864720 652 87
19.8936658 652 87
19.9008732 652 87
19.9080606 652 87
19.9152505 652 87
19.9224327 652 87
19.9296288 652 87
19.9368290 652 87
19.9440413 652 87
19.9512491 652 87
19.9584533 652 87
19.9656589 653 87
19.9728626 653 87
19.9800582 653 87
19.9872620 653 87
19.9944955 653 87
20.0016822 653 87
20.0088735 653 87
20.0160752 653 87
20.0232725 653 87
20.0304876 653 87
20.0376758 653 87
20.0448764 653 87
20.0520715 653 87
20.0592648 653 87
20.0664840 653 87
20.0736523 653 87
20.0808270 653 87
20.0880339 653 87
20.0952514 653 87
20.1024399 653 87
20.1096336 653 87
20.1168327 653 87
20.1240318 653 87
20.1312337 653 87
20.1384396 653 87
20.1456430 653 87
20.1528367 653 87
20.1600306 653 87
20.1672460 653 87
20.1744470 653 87
20.1816598 653 87
20.1888718 653 87
20.1960565 653 87
20.2032608 653 87
20.2104608 654 87
20.2176728 654 87
20.2248652 654 87
20.2320604 654 87
20.2392625 654 87
20.2464709 654 87
20.2536726 654 87
20.2608838 654 87
20.2680908 654 87
20.2752980 654 87
20.2824986 654 87
20.2896930 654 87
20.2969020 654 87
20.3040749 654 87
20.3112677 654 87
20.3184808 654 87
20.3256610 654 87
20.3328482 654 87
20.3400436 654 87
20.3472696 654 87
20.3544789 654 87
20.3617053 654 87
20.3688954 654 87
20.3761084 654 87
20.3833134 654 87
20.3905129 654 87
20.3977134 654 87
20.4049169 654 87
20.4121357 654 87
20.4193340 654 87
20.4265455 654 87
20.4337707 654 87
20.4409731 654 87
20.4481689 654 87
20.4553747 654 87
20.4625848 655 87
20.4697865 655 87
20.4769721 655 87
20.4841694 655 87
20.4913528 655 87
20.4985487 655 87
20.5057287 655 87
20.5129277 655 87
20.5201332 655 87
20.5273578 655 87
20.5345733 655 87
20.5417984 655 87
20.5490125 655 87
20.5562148 655 87
20.5634074 655 87
20.5706033 655 87
20.5778052 655 87
20.5849855 655 87
20.5921727 655 87
20.5993772 655 87
20.6065691 655 87
20.6137559 655 87
20.6209639 655 87
20.6281609 655 87
20.6353545 655 87
20.6425570 655 87
20.6497508 655 87
20.6569583 655 87
20.6641710 655 87
20.6713508 655 87
20.6785590 655 87
20.6857443 655 87
20.6929359 655 87
20.7001519 655 87
20.7073406 655 87
20.7145181 656 87
20.7217096 656 87
20.7288933 656 87
20.7360859 656 87
20.7432892 656 87
20.7505004 656 87
20.7577236 656 87
20.7649247 656 87
20.7721126 656 87
20.7793311 656 87
20.7865277 656 87
20.7937378 656 87
20.8009380 656 87
20.8081361 656 87
20.8153325 656 87
20.8225202 656 87
20.8297156 656 87
20.8368982 656 87
20.8441171 656 87
20.8513191 656 87
20.8585167 656 87
20.8657323 656 87
20.8729246 656 87
20.8801134 656 87
20.8872979 656 87
20.8944895 656 87
20.9016822 656 87
20.9089127 656 87
20.9161090 656 87
20.9232947 656 87
20.9304979 656 87
20.9377056 656 87
20.9448959 656 87
20.9520732 656 87
20.9592733 656 87
20.9664546 657 87
20.9736476 657 87
20.9808424 657 87
20.9880344 657 87
20.9952269 657 87
21.0024335 657 87
21.0096305 657 87
21.0168437 657 87
21.0240271 657 87
21.0312374 657 87
21.0384348 657 87
21.0456485 657 87
21.0528347 657 87
21.0600387 657 87
21.0672481 657 87
21.0744486 657 87
21.0816352 657 87
21.0888398 657 87
21.0960255 657 87
21.1032147 657 87
21.1104176 657 87
21.1176182 657 87
21.1247878 657 87
21.1319796 657 87
21.1391693 657 87
21.1463712 657 87
21.1535894 657 87
21.1608143 657 87
21.1679940 657 87
21.1752129 657 87
21.1824275 657 87
21.1896231 657 87
21.1968245 657 87
21.2040323 657 87
21.2112556 657 87
21.2184539 658 87
21.2256615 658 87
21.2328651 658 87
21.2400602 658 87
21.2472555 658 87
21.2544510 658 87
21.2616403 658 87
21.2688526 658 87
21.2760653 658 87
21.2832901 658 87
21.2904791 658 87
21.2977046 658 87
21.3049002 658 87
21.3120816 658 87
21.3192763 658 87
21.3264691 658 87
21.3336408 658 87
21.3408422 658 87
21.3480287 658 87
21.3552369 658 87
21.3624298 658 87
21.3696003 658 87
21.3767837 658 87
21.3840056 658 87
21.3911877 658 87
21.3983886 658 87
21.4055696 658 87
21.4127547 658 87
21.4199655 658 87
21.4271769 658 87
21.4343571 658 87
21.4415582 658 87
21.4487571 658 87
21.4559596 658 87
21.4631483 658 87
21.4703576 659 87
21.4775670 659 87
21.4847612 659 87
21.4919760 659 87
21.4991626 659 87
21.5063690 659 87
21.5135610 659 87
21.5207522 659 87
21.5279341 659 87
21.5351347 659 87
21.5423307 659 87
21.5495220 659 87
21.5567478 659 87
21.5639527 659 87
21.5711609 659 87
21.5783753 659 87
21.5855802 659 87
21.5927590 659 87
21.5999581 659 87
21.6071514 659 87
21.6143564 659 87
21.6215733 659 87
21.6287587 659 87
21.6359662 682 87
21.6431995 682 87
21.6504090 682 87
21.6575948 682 87
21.6647839 682 87
21.6719948 682 87
21.6791952 682 87
21.6864082 682 87
21.6936136 682 87
21.7008247 682 87
21.7080140 682 87
21.7152148 682 87
21.7224376 683 87
21.7296210 683 87
21.7368199 683 87
21.7440127 683 87
21.7511999 683 87
21.7583836 683 87
21.7655842 683 87
21.7727887 683 87
21.7799980 683 87
21.7872125 683 87
21.7944113 683 87
21.8015760 683 87
21.8087696 683 87
21.8159477 683 87
21.8231486 683 87
21.8303423 683 87
21.8375393 683 87
21.8447395 683 87
21.8519456 683 87
21.8591506 683 87
21.8663594 683 87
21.8735865 683 87
21.8808021 683 87
21.8879911 683 87
21.8952001 683 87
21.9023751 683 87
21.9095813 683 87
21.9167627 683 87
21.9239500 683 87
21.9311317 683 87
21.9383083 683 87
21.9455075 683 87
21.9527088 683 87
21.9599012 683 87
21.9670966 683 87
21.9743270 684 87
21.9815229 684 87
21.9887131 684 87
21.9958854 684 87
22.0030785 684 87
22.0102925 684 87
22.0174908 684 87
22.0246836 684 87
22.0318866 684 87
22.0390799 684 87
22.0462892 684 87
22.0535008 684 87
22.0606847 684 87
22.0678841 684 87
22.0750905 684 87
22.0822857 684 87
22.0894841 684 87
22.0967046 684 87
22.1038873 684 87
22.1110775 684 87
22.1182705 684 87
22.1254798 684 87
22.1326771 684 87
22.1398822 684 87
22.1470851 684 87
22.1542799 684 87
22.1614865 684 87
22.1687116 684 87
22.1759237 684 87
22.1831307 684 87
22.1903117 684 87
22.1975140 684 87
22.2046911 684 87
22.2119031 684 87
22.2190846 684 87
22.2262748 685 87
22.2334735 685 87
22.2406771 685 87
22.2478681 685 87
22.2550773 685 87
22.2622733 685 87
22.2694504 685 87
22.2766567 685 87
22.2838719 685 87
22.2910753 685 87
22.2982981 685 87
22.3054825 685 87
22.3126763 685 87
22.3198868 685 87
22.3270851 685 87
22.3342873 685 87
22.3414932 685 87
22.3487224 685 87
22.3559096 685 87
22.3630974 685 87
22.3703102 685 87
22.3774965 685 87
22.3846862 685 87
22.3918811 685 87
22.3990891 685 87
22.4062760 685 87
22.4134889 685 87
22.4206907 685 87
22.4278961 685 87
22.4351055 685 87
22.4423062 685 87
22.4495069 685 87
22.4567137 685 87
22.4639223 685 87
22.4711303 686 87
22.4783287 686 87
22.4855231 686 87
22.4927395 686 87
22.4999327 686 87
22.5071333 686 87
22.5143229 686 87
22.5215197 686 87
22.5287360 686 87
22.5359352 686 87
22.5431449 686 87
22.5503451 686 87
22.5575481 686 87
22.5647421 686 87
22.5719535 686 87
22.5791674 686 87
22.5863681 686 87
22.5935926 686 87
22.6008253 686 87
22.6080246 686 87
22.6152427 686 87
22.6224296 686 87
22.6296392 686 87
22.6368382 686 87
22.6440376 686 87
22.6512018 686 87
22.6583978 686 87
22.6656003 686 87
22.6728129 686 87
22.6800151 686 87
22.6872115 686 87
22.6944108 686 87
22.7016009 686 87
22.7088097 686 87
22.7159925 686 87
22.7232080 686 87
22.7303902 686 87
22.7375732 686 87
22.7447787 686 87
22.7519930 686 87
22.7591733 686 87
22.7663782 686 87
22.7735696 686 87
22.7807767 686 87
22.7879598 686 87
22.7951585 686 87
22.8023625 686 87
22.8095700 686 87
22.8167772 686 87
22.8239657 686 87
22.8311780 686 87
22.8383831 686 87
22.8455896 686 87
22.8528073 686 87
22.8600149 686 87
22.8672165 686 87
22.8743921 686 87
22.8815929 686 87
22.8887805 686 87
22.8959918 686 87
22.9031960 686 87
22.9104003 686 87
22.9175891 686 87
22.9248035 686 87
22.9319937 686 87
22.9392094 686 87
22.9464149 686 87
22.9536335 686 87
22.9608181 686 87
22.9680169 686 87
22.9751991 686 87
22.9824093 686 87
22.9896423 686 87
22.9968623 686 87
23.0040579 686 87
23.0112667 686 87
23.0184663 686 87
23.0256537 686 87
23.0328463 686 87
23.0400288 686 87
23.0472447 686 87
23.0544722 686 87
23.0616848 686 87
23.0688961 686 87
23.0761069 686 87
23.0832964 686 87
23.0904730 686 87
23.0976824 686 87
23.1048711 686 87
23.1120636 686 87
23.1192592 686 87
23.1264520 686 87
23.1336471 686 87
23.1408535 686 87
23.1480540 686 87
23.1552753 686 87
23.1624896 686 87
23.1696933 686 87
23.1768727 686 87
23.1840597 686 87
23.1912610 686 87
23.1984444 686 87
23.2056253 686 87
23.2128050 686 87
23.2200075 686 87
23.2272012 686 87
23.2343928 686 87
23.2415890 686 87
23.2487656 686 87
23.2559615 686 87
23.2631696 686 87
23.2703564 686 87
23.2775783 686 87
23.2847846 686 87
23.2920059 686 87
23.2991849 686 87
23.3064008 686 87
23.3136015 686 87
23.3207985 686 87
23.3280053 686 87
23.3352110 686 87
23.3424125 686 87
23.3496009 686 87
23.3567966 686 87
23.3640069 686 87
23.3712087 686 87
23.3784095 686 87
23.3856267 686 87
23.3928409 686 87
23.4000377 686 87
23.4072618 686 87
23.4144695 686 87
23.4216967 686 87
23.4288961 686 87
23.4360800 686 87
23.4432829 686 87
23.4504904 686 87
23.4576813 686 87
23.4648929 686 87
23.4721114 686 87
23.4792855 686 87
23.4864580 686 87
23.4936771 686 87
23.5008750 686 87
23.5080696 686 87
23.5152821 686 87
23.5224639 686 87
23.5296585 686 87
23.5368764 686 87
23.5440680 686 87
23.5512889 686 87
23.5584778 686 87
23.5656862 686 87
23.5728814 686 87
23.5800847 686 87
23.5872693 686 87
23.5944739 686 87
23.6016838 686 87
23.6088830 686 87
23.6160862 686 87
23.6232935 686 87
23.6304838 686 87
23.6376999 686 87
23.6448926 686 87
23.6520704 686 87
23.6592767 686 87
23.6664818 686 87
23.6736880 686 87
23.6808856 686 87
23.6880774 686 87
23.6952802 686 87
23.7024880 686 87
23.7096739 686 87
23.7168672 686 87
23.7240644 686 87
23.7312499 686 87
23.7384403 686 87
23.7456366 686 87
23.7528409 686 87
23.7600385 686 87
23.7672473 686 87
23.7744734 686 87
23.7816732 686 87
23.7888837 686 87
23.7960825 686 87
23.8032897 686 87
23.8104963 686 87
23.8177075 686 87
23.8249139 686 87
23.8321174 686 87
23.8393134 686 87
23.8465230 686 87
23.8537175 686 87
23.8609288 686 87
23.8681063 686 87
23.8753095 686 87
23.8825120 686 87
23.8897006 686 87
23.8969039 686 87
23.9040777 686 87
23.9112687 686 87
23.9184615 686 87
23.9256648 686 87
23.9328858 686 87
23.9401040 686 87
23.9473043 686 87
23.9545096 686 87
23.9617174 686 87
23.9689123 686 87
23.9761045 686 87
23.9832973 686 87
23.9905059 686 87
23.9977200 686 87
24.0000000 686 87
