xmllint
0.0000522 732
0.0072617 904 70
0.0144075 911 70
0.0216088 917 71
0.0287982 923 72
0.0360058 930 72
0.0432219 936 72
0.0504463 942 73
0.0576640 948 73
0.0648606 954 73
0.0720676 960 73
0.0792494 966 73
0.0864424 972 74
0.0936567 978 74
0.1008706 984 74
0.1080810 990 74
0.1152912 996 75
0.1224902 1002 75
0.1296829 1007 76
0.1368822 1013 76
0.1441107 1019 76
0.1513064 1024 76
0.1585242 1030 77
0.1657214 1036 78
0.1729335 1041 78
0.1801308 1046 79
0.1873207 1052 80
0.1945147 1057 80
0.2017233 1063 82
0.2089449 1068 82
0.2161685 1073 82
0.2233911 1078 82
0.2305825 1084 82
0.2377919 1089 83
0.2449818 1094 83
0.2521776 1099 85
0.2593849 1104 87
0.2665837 1109 87
0.2737755 1114 88
0.2809776 1119 89
0.2881929 1124 89
0.2953941 1128 90
0.3025918 1133 90
0.3098064 1138 91
0.3170086 1143 91
0.3242019 1148 91
0.3314108 1152 91
0.3386084 1157 91
0.3457936 1161 91
0.3530027 1166 92
0.3602138 1171 93
0.3674240 1175 93
0.3746134 1180 93
0.3818062 1184 93
0.3890096 1188 94
0.3962229 1193 96
0.4034221 1197 96
0.4106123 1202 96
0.4178335 1206 96
0.4250449 1210 96
0.4322379 1214 97
0.4394416 1219 97
0.4466155 1223 97
0.4538000 1227 97
0.4609904 1231 97
0.4681730 1235 98
0.4754018 1239 100
0.4826086 1243 100
0.4897933 1247 100
0.4969955 1251 100
0.5042043 1255 101
0.5113871 1259 101
0.5185830 1263 102
0.5257592 1267 102
0.5329648 1270 102
0.5401617 1274 102
0.5473466 1278 102
0.5545462 1282 103
0.5617652 1286 103
0.5689801 1289 104
0.5761732 1293 104
0.5833570 1296 104
0.5905767 1300 104
0.5977890 1304 104
0.6049855 1307 105
0.6122068 1311 105
0.6194126 1314 106
0.6266324 1318 106
0.6338287 1321 106
0.6410374 1325 106
0.6482267 1328 106
0.6554241 1332 106
0.6626339 1335 106
0.6698499 1338 106
0.6770343 1342 106
0.6842290 1345 107
0.6914296 1348 107
0.6986100 1351 107
0.7058365 1355 107
0.7130491 1358 107
0.7202672 1361 107
0.7274707 1364 107
0.7346685 1367 108
0.7418645 1370 108
0.7490669 1373 108
0.7562512 1376 108
0.7634604 1379 108
0.7706721 1383 108
0.7778709 1386 108
0.7850524 1388 108
0.7922369 1391 108
0.7994534 1394 108
0.8066786 1397 108
0.8138854 1400 108
0.8210824 1403 108
0.8282493 1406 108
0.8354500 1409 109
0.8426297 1411 109
0.8498191 1414 109
0.8570194 1417 109
0.8642021 1420 109
0.8714082 1423 109
0.8786104 1425 109
0.8858129 1428 109
0.8930075 1431 110
0.9002120 1433 110
0.9074262 1436 110
0.9146235 1438 110
0.9218454 1441 110
0.9290495 1444 110
0.9362533 1446 110
0.9434693 1449 110
0.9506640 1451 110
0.9578848 1454 110
0.9650842 1456 111
0.9722963 1459 112
0.9795024 1461 112
0.9866963 1464 112
0.9938795 1466 112
1.0010909 1468 112
1.0082864 1471 112
1.0154918 1473 112
1.0226631 1476 113
1.0298643 1478 113
1.0370871 1480 113
1.0442781 1482 113
1.0514883 1485 113
1.0587030 1487 113
1.0658907 1489 113
1.0730943 1491 113
1.0802970 1494 113
1.0875077 1496 113
1.0947106 1498 113
1.1019047 1500 113
1.1091252 1502 113
1.1163256 1505 113
1.1235340 1507 113
1.1307201 1509 113
1.1379247 1511 113
1.1451133 1513 113
1.1523323 1515 113
1.1595439 1517 113
1.1667395 1519 113
1.1739349 1521 113
1.1811372 1523 113
1.1883520 1525 113
1.1955605 1527 113
1.2027758 1529 113
1.2099626 1531 113
1.2171588 1533 113
1.2243428 1535 113
1.2315314 1537 113
1.2387336 1539 113
1.2459433 1540 113
1.2531262 1542 114
1.2603091 1544 114
1.2675048 1546 114
1.2747072 1548 114
1.2819117 1550 114
1.2891220 1551 114
1.2963200 1553 114
1.3035101 1555 114
1.3107099 1557 114
1.3178858 1558 114
1.3251032 1560 114
1.3323102 1562 114
1.3395083 1564 114
1.3467022 1565 114
1.3538984 1567 114
1.3611077 1569 114
1.3683106 1570 114
1.3755203 1572 114
1.3827334 1574 114
1.3899408 1575 114
1.3971445 1577 114
1.4043445 1578 114
1.4115546 1580 114
1.4187431 1582 114
1.4259440 1583 114
1.4331488 1585 114
1.4403611 1586 114
1.4475499 1588 115
1.4547568 1589 115
1.4619775 1591 115
1.4691751 1592 115
1.4763908 1594 115
1.4835913 1595 115
1.4907837 1597 115
1.4979720 1598 115
1.5051784 1600 115
1.5123751 1601 115
1.5195620 1603 115
1.5267586 1604 115
1.5339675 1605 115
1.5411737 1607 115
1.5483824 1608 116
1.5555898 1610 116
1.5627654 1611 116
1.5699763 1612 116
1.5771744 1614 116
1.5843764 1615 116
1.5915660 1616 116
1.5987629 1618 116
1.6059701 1619 116
1.6131669 1620 116
1.6203730 1622 116
1.6275768 1623 116
1.6347941 1624 116
1.6419764 1625 116
1.6491644 1627 116
1.6563523 1628 116
1.6635349 1629 116
1.6707388 1630 116
1.6779387 1631 116
1.6851307 1633 116
1.6923240 1634 116
1.6995280 1635 116
1.7067043 1636 116
1.7138965 1637 116
1.7211178 1639 116
1.7283147 1640 116
1.7355170 1641 116
1.7427193 1642 116
1.7499298 1643 116
1.7571349 1644 116
1.7643406 1645 116
1.7715362 1647 117
1.7787612 1648 117
1.7859697 1649 117
1.7931668 1650 117
1.8003700 1651 118
1.8075707 1652 118
1.8147963 1653 118
1.8219851 1654 118
1.8291815 1655 118
1.8364128 1656 118
1.8436147 1657 118
1.8508265 1658 118
1.8580285 1659 118
1.8652272 1660 118
1.8723947 1661 118
1.8795931 1662 118
1.8867957 1663 119
1.8940000 1664 119
1.9012106 1665 119
1.9084206 1666 119
1.9156254 1667 119
1.9228361 1668 119
1.9300419 1669 119
1.9372361 1670 119
1.9444244 1671 119
1.9516064 1672 119
1.9588153 1673 119
1.9660092 1674 119
1.9732018 1675 119
1.9804105 1675 120
1.9876388 1676 120
1.9948297 1677 120
2.0020316 1678 120
2.0092333 1679 120
2.0164380 1680 120
2.0236389 1681 120
2.0308327 1682 120
2.0380146 1682 120
2.0452018 1683 120
2.0524006 1684 120
2.0595944 1685 121
2.0667955 1686 121
2.0740078 1687 121
2.0811757 1687 121
2.0883685 1688 122
2.0955619 1689 122
2.1027532 1690 122
2.1099822 1691 122
2.1171887 1691 122
2.1243956 1692 122
2.1315951 1693 122
2.1387882 1694 122
2.1459959 1694 122
2.1532001 1695 122
2.1604017 1696 122
2.1676233 1697 122
2.1748380 1697 122
2.1820361 1698 122
2.1892208 1699 122
2.1964216 1700 122
2.2036075 1700 123
2.2108279 1701 123
2.2180213 1702 123
2.2251976 1703 123
2.2323872 1703 123
2.2395568 1704 123
2.2467594 1705 123
2.2539671 1705 123
2.2611553 1706 123
2.2683518 1707 124
2.2755263 1707 124
2.2827092 1708 124
2.2898956 1709 124
2.2971096 1709 124
2.3042893 1710 124
2.3114819 1711 124
2.3186990 1711 124
2.3258863 1712 124
2.3330923 1712 124
2.3403013 1713 124
2.3474894 1714 124
2.3546744 1714 124
2.3618732 1715 124
2.3690557 1716 124
2.3762523 1716 124
2.3834696 1717 124
2.3906886 1717 124
2.3978845 1718 124
2.4050848 1719 124
2.4122760 1719 124
2.4194629 1720 124
2.4266631 1720 124
2.4338749 1721 124
2.4410770 1721 124
2.4482704 1722 124
2.4554422 1723 125
2.4626465 1723 125
2.4698347 1724 126
2.4770343 1724 126
2.4842390 1725 126
2.4914582 1725 126
2.4986567 1726 126
2.5058580 1726 126
2.5130691 1727 127
2.5202830 1727 127
2.5274573 1728 127
2.5346838 1728 127
2.5418888 1729 127
2.5490938 1729 127
2.5562997 1730 127
2.5634847 1730 127
2.5706638 1731 127
2.5778778 1731 127
2.5850688 1732 127
2.5922549 1732 127
2.5994481 1733 127
2.6066356 1733 127
2.6138497 1734 127
2.6210286 1734 127
2.6282169 1735 127
2.6354226 1735 127
2.6426409 1736 127
2.6498360 1736 127
2.6570117 1737 127
2.6642132 1737 127
2.6714157 1738 127
2.6786168 1738 127
2.6858073 1738 127
2.6930171 1739 127
2.7002343 1739 127
2.7074379 1740 127
2.7146502 1740 127
2.7218497 1741 127
2.7290461 1741 127
2.7362306 1742 127
2.7434446 1742 127
2.7506409 1742 127
2.7578412 1743 127
2.7650425 1743 127
2.7722252 1744 127
2.7794348 1744 127
2.7866211 1744 127
2.7938200 1745 127
2.8010299 1745 127
2.8082298 1746 127
2.8154517 1746 127
2.8226380 1746 127
2.8298420 1747 127
2.8370496 1747 127
2.8442274 1747 127
2.8514258 1748 127
2.8586184 1748 127
2.8658295 1749 127
2.8730202 1749 127
2.8802378 1749 127
2.8874335 1750 127
2.8946290 1750 127
2.9018208 1750 127
2.9090071 1751 127
2.9161875 1751 127
2.9233931 1751 127
2.9305925 1752 127
2.9377736 1752 127
2.9449789 1753 127
2.9521857 1753 127
2.9593835 1753 127
2.9665969 1754 127
2.9737808 1754 127
2.9809679 1754 127
2.9881611 1755 127
2.9953749 1755 127
3.0025714 1755 127
3.0097674 1755 127
3.0169904 1756 127
3.0241884 1756 127
3.0313983 1756 127
3.0385983 1757 127
3.0458022 1757 127
3.0530026 1757 127
3.0601849 1758 127
3.0673659 1758 127
3.0745665 1758 127
3.0817547 1759 127
3.0889686 1759 127
3.0961578 1759 127
3.1033759 1759 127
3.1105728 1760 127
3.1177627 1760 127
3.1249580 1760 127
3.1321445 1761 127
3.1393474 1761 127
3.1465512 1761 127
3.1537629 1761 127
3.1609781 1762 127
3.1681689 1762 127
3.1753678 1762 127
3.1825722 1763 127
3.1897961 1763 127
3.1969944 1763 127
3.2041978 1763 127
3.2114012 1764 127
3.2185765 1764 127
3.2257895 1764 127
3.2329912 1764 127
3.2401813 1765 127
3.2473868 1765 127
3.2546202 1765 127
3.2618233 1765 127
3.2690198 1766 127
3.2762166 1766 127
3.2834103 1766 127
3.2906369 1766 127
3.2978367 1767 127
3.3050347 1767 127
3.3122336 1767 127
3.3194312 1767 127
3.3266464 1768 127
3.3338479 1768 127
3.3410501 1768 127
3.3482565 1768 127
3.3554885 1769 128
3.3626967 1769 128
3.3698984 1769 128
3.3770974 1769 128
3.3842927 1769 128
3.3914973 1770 128
3.3986774 1770 128
3.4058675 1770 128
3.4130550 1770 128
3.4202334 1770 128
3.4274346 1771 128
3.4346180 1771 128
3.4418173 1771 128
3.4490189 1771 128
3.4562158 1772 128
3.4634100 1772 128
3.4706106 1772 128
3.4777795 1772 128
3.4849774 1772 128
3.4921497 1773 128
3.4993386 1773 128
3.5065355 1773 128
3.5137267 1773 128
3.5208849 1773 128
3.5281040 1774 128
3.5352916 1774 128
3.5425090 1774 128
3.5497020 1774 128
3.5568993 1774 128
3.5640970 1774 128
3.5712849 1775 128
3.5784943 1775 128
3.5856713 1775 128
3.5928813 1775 128
3.6000872 1775 128
3.6073047 1776 128
3.6144963 1776 128
3.6216807 1776 128
3.6288942 1776 128
3.6360856 1776 128
3.6433095 1776 128
3.6505218 1777 128
3.6577281 1777 128
3.6649207 1777 128
3.6721055 1777 128
3.6792852 1777 128
3.6864928 1777 128
3.6936836 1778 128
3.7008707 1778 128
3.7080637 1778 128
3.7152825 1778 128
3.7224878 1778 128
3.7296819 1778 128
3.7368810 1779 128
3.7440586 1779 128
3.7512623 1779 128
3.7584664 1779 128
3.7656826 1779 128
3.7728725 1779 128
3.7800822 1779 128
3.7872692 1780 129
3.7944718 1780 129
3.8016792 1780 129
3.8088779 1780 129
3.8160617 1780 129
3.8232483 1780 130
3.8304309 1780 130
3.8376214 1781 130
3.8448235 1781 130
3.8520237 1781 130
3.8592382 1781 130
3.8664279 1781 130
3.8736279 1781 130
3.8808127 1781 130
3.8880094 1782 130
3.8952017 1782 130
3.9024026 1782 130
3.9095961 1782 130
3.9167948 1782 130
3.9240147 1782 130
3.9312000 1782 130
3.9384080 1782 130
3.9456222 1783 130
3.9528493 1783 130
3.9600160 1783 130
3.9672277 1783 131
3.9744247 1783 131
3.9815974 1783 131
3.9887892 1783 131
3.9959974 1783 131
4.0031896 1784 131
4.0103861 1784 132
4.0175787 1784 132
4.0247567 1784 132
4.0319553 1784 132
4.0391579 1784 132
4.0463540 1784 132
4.0535457 1784 132
4.0607324 1784 132
4.0679293 1785 132
4.0751444 1785 132
4.0823649 1785 132
4.0895705 1785 132
4.0967836 1785 132
4.1039963 1785 132
4.1112034 1785 132
4.1184066 1785 132
4.1256319 1785 132
4.1328448 1786 132
4.1400477 1786 132
4.1472506 1786 132
4.1544532 1786 132
4.1616560 1786 133
4.1688378 1786 133
4.1760430 1786 133
4.1832258 1786 133
4.1904329 1786 133
4.1976503 1787 133
4.2048514 1787 133
4.2120607 1787 133
4.2192653 1787 133
4.2264708 1787 133
4.2336909 1787 133
4.2408977 1787 133
4.2480939 1787 133
4.2552721 1787 133
4.2624871 1787 134
4.2696693 1787 134
4.2768853 1788 134
4.2840734 1788 134
4.2912861 1788 134
4.2985001 1788 134
4.3057077 1788 134
4.3129146 1788 134
4.3201067 1788 134
4.3273064 1788 134
4.3344938 1788 134
4.3416953 1788 134
4.3488892 1788 134
4.3560697 1789 134
4.3632611 1789 135
4.3704937 1789 135
4.3776871 1789 135
4.3848826 1789 135
4.3920787 1789 135
4.3992925 1789 135
4.4065179 1789 135
4.4137069 1789 135
4.4209008 1789 135
4.4280847 1789 135
4.4353028 1789 135
4.4425187 1790 135
4.4497071 1790 135
4.4569068 1790 135
4.4641053 1790 135
4.4712824 1790 135
4.4784880 1790 135
4.4857066 1790 135
4.4928887 1790 135
4.5000988 1790 135
4.5073178 1790 135
4.5145045 1790 135
4.5217114 1790 135
4.5289102 1791 135
4.5361039 1791 135
4.5432975 1791 135
4.5505018 1791 135
4.5577016 1791 135
4.5648876 1791 135
4.5721107 1791 135
4.5793075 1791 135
4.5864940 1791 135
4.5937087 1791 135
4.6009049 1791 135
4.6080890 1791 135
4.6152809 1791 135
4.6224711 1791 135
4.6296593 1792 135
4.6368447 1792 135
4.6440321 1792 135
4.6512197 1792 135
4.6583937 1792 135
4.6655552 1792 135
4.6727306 1792 135
4.6799304 1792 135
4.6871232 1792 135
4.6943103 1792 135
4.7015140 1792 135
4.7087077 1792 135
4.7158972 1792 135
4.7231056 1792 135
4.7303028 1792 135
4.7374957 1793 135
4.7446999 1793 135
4.7518985 1793 135
4.7590885 1793 135
4.7663103 1793 135
4.7735049 1793 135
4.7806950 1793 135
4.7878578 1793 135
4.7950598 1793 135
4.8022547 1793 135
4.8094640 1793 135
4.8166591 1793 135
4.8238670 1793 135
4.8310837 1793 135
4.8382788 1793 135
4.8454711 1793 136
4.8526716 1793 136
4.8598724 1794 136
4.8670810 1794 136
4.8742699 1794 136
4.8814901 1794 136
4.8886944 1794 136
4.8959046 1794 136
4.9031094 1794 136
4.9103201 1794 136
4.9175230 1794 136
4.9247114 1794 136
4.9319133 1794 136
4.9391141 1794 136
4.9463249 1794 136
4.9535364 1794 136
4.9607307 1794 136
4.9679530 1794 136
4.9751406 1794 136
4.9823340 1794 136
4.9895239 1795 137
4.9967390 1795 137
5.0039459 1795 137
5.0111370 1795 137
5.0183132 1795 137
5.0255052 1795 137
5.0327107 1795 137
5.0399053 1795 137
5.0470858 1795 137
5.0542843 1795 137
5.0614929 1795 137
5.0686600 1795 137
5.0758543 1795 137
5.0830380 1795 138
5.0902467 1795 138
5.0974475 1795 138
5.1046547 1795 138
5.1118603 1795 138
5.1190639 1795 138
5.1262508 1795 138
5.1334529 1796 138
5.1406495 1796 138
5.1478518 1796 138
5.1550509 1796 138
5.1622526 1796 138
5.1694376 1796 138
5.1766343 1796 138
5.1838442 1796 138
5.1910500 1796 138
5.1982433 1796 138
5.2054447 1796 138
5.2126599 1796 138
5.2198625 1796 138
5.2270788 1796 138
5.2343156 1796 138
5.2414864 1796 138
5.2486668 1796 138
5.2558640 1796 138
5.2630553 1796 138
5.2702646 1796 138
5.2774866 1796 138
5.2846903 1796 138
5.2918860 1797 138
5.2990810 1797 138
5.3063012 1797 138
5.3135107 1797 138
5.3207053 1797 138
5.3279166 1797 138
5.3350973 1797 138
5.3422969 1797 138
5.3494841 1797 138
5.3566697 1797 138
5.3638678 1797 138
5.3710743 1797 138
5.3782922 1797 138
5.3854995 1797 138
5.3926995 1797 138
5.3998872 1797 138
5.4070985 1797 138
5.4143098 1797 138
5.4215190 1797 138
5.4287231 1797 138
5.4359289 1797 138
5.4431113 1797 138
5.4503192 1797 138
5.4575076 1797 138
5.4647045 1798 138
5.4718875 1798 138
5.4790843 1798 138
5.4862848 1798 138
5.4935003 1798 138
5.5007156 1798 138
5.5079090 1798 138
5.5150991 1798 138
5.5222857 1798 138
5.5294807 1798 138
5.5366949 1798 138
5.5438882 1798 138
5.5511019 1798 138
5.5583133 1798 138
5.5655373 1798 138
5.5727406 1798 138
5.5799483 1798 138
5.5871634 1798 138
5.5943760 1798 138
5.6016006 1798 138
5.6088197 1798 138
5.6160088 1798 138
5.6231996 1798 138
5.6303741 1798 138
5.6375928 1798 138
5.6447941 1798 138
5.6519977 1798 138
5.6592053 1798 138
5.6663951 1799 138
5.6735780 1799 138
5.6807829 1799 138
5.6879903 1799 138
5.6952158 1799 138
5.7024181 1799 138
5.7095979 1799 138
5.7167986 1799 138
5.7239823 1799 138
5.7311811 1799 138
5.7383754 1799 138
5.7455840 1799 138
5.7527988 1799 138
5.7600001 1799 138
5.7671978 1799 138
5.7744025 1799 138
5.7815971 1799 138
5.7888045 1799 138
5.7959979 1799 138
5.8031824 1799 138
5.8103658 1799 138
5.8175797 1799 138
5.8247833 1799 138
5.8320012 1799 138
5.8391826 1799 138
5.8463778 1799 139
5.8535894 1799 139
5.8607711 1799 139
5.8679705 1799 139
5.8751680 1799 139
5.8823640 1800 139
5.8895504 1800 139
5.8967397 1800 139
5.9039155 1800 139
5.9110932 1800 139
5.9182985 1800 139
5.9254962 1800 139
5.9326966 1800 139
5.9398776 1800 139
5.9470721 1800 139
5.9542945 1800 139
5.9614940 1800 139
5.9686892 1800 139
5.9758820 1800 139
5.9830741 1800 139
5.9902488 1800 139
5.9974631 1800 139
6.0046425 1800 139
6.0118228 1800 139
6.0190302 1800 139
6.0262150 1800 139
6.0334165 1800 139
6.0406241 1800 139
6.0478293 1800 139
6.0550145 1800 139
6.0622103 1800 139
6.0694210 1800 139
6.0766338 1800 139
6.0838255 1800 139
6.0910200 1800 139
6.0982316 1800 139
6.1054034 1800 139
6.1126097 1800 139
6.1198340 1800 139
6.1270135 1800 139
6.1342135 1801 139
6.1414216 1801 139
6.1486194 1801 139
6.1558285 1801 139
6.1630461 1801 139
6.1702562 1801 139
6.1774493 1801 139
6.1846309 1801 139
6.1918529 1801 139
6.1990764 1801 139
6.2062750 1801 139
6.2134426 1801 139
6.2206277 1801 139
6.2278213 1801 139
6.2350482 1801 139
6.2422677 1801 139
6.2494480 1801 139
6.2566418 1801 139
6.2638264 1801 139
6.2710282 1801 139
6.2782102 1801 139
6.2854031 1801 139
6.2925958 1801 139
6.2998059 1801 139
6.3070089 1801 139
6.3142096 1801 139
6.3213863 1801 140
6.3285950 1801 140
6.3357798 1801 140
6.3429707 1801 140
6.3501580 1801 140
6.3573578 1801 140
6.3645513 1801 140
6.3717635 1801 140
6.3789539 1801 140
6.3861745 1802 140
6.3933574 1802 140
6.4005715 1802 140
6.4077956 1802 140
6.4150073 1802 140
6.4222077 1802 140
6.4294054 1802 140
6.4366070 1802 140
6.4438129 1802 140
6.4510115 1802 140
6.4582309 1802 140
6.4654342 1802 140
6.4726398 1802 140
6.4798373 1802 140
6.4870259 1802 140
6.4942591 1802 140
6.5014481 1802 140
6.5086501 1802 140
6.5158230 1802 140
6.5230193 1802 140
6.5302159 1802 140
6.5374184 1802 140
6.5446128 1802 140
6.5518003 1802 140
6.5590053 1802 140
6.5662259 1802 140
6.5734208 1802 140
6.5806021 1802 140
6.5878136 1802 140
6.5950059 1802 140
6.6022178 1802 140
6.6094360 1802 140
6.6166342 1802 140
6.6238253 1802 140
6.6310143 1802 140
6.6382257 1803 140
6.6454263 1803 140
6.6526398 1803 140
6.6598528 1803 140
6.6670624 1803 140
6.6742501 1803 140
6.6814471 1803 140
6.6886330 1803 140
6.6958338 1803 140
6.7030420 1803 140
6.7102254 1803 140
6.7174267 1803 140
6.7246278 1803 140
6.7318372 1803 140
6.7390437 1803 140
6.7462468 1803 140
6.7534349 1803 140
6.7606351 1803 140
6.7678602 1803 140
6.7750395 1803 140
6.7822394 1803 140
6.7894447 1803 140
6.7966679 1803 140
6.8038715 1803 140
6.8110620 1803 140
6.8182543 1803 140
6.8254517 1803 140
6.8326644 1803 140
6.8398541 1803 140
6.8470487 1803 140
6.8542469 1803 140
6.8614565 1803 140
6.8686447 1803 140
6.8758313 1803 140
6.8830197 1804 140
6.8902220 1804 140
6.8974218 1804 140
6.9046172 1804 140
6.9118257 1804 140
6.9190332 1804 140
6.9262466 1804 140
6.9334508 1804 140
6.9406391 1804 140
6.9478626 1804 140
6.9550685 1804 140
6.9622744 1804 140
6.9694654 1804 140
6.9766499 1804 140
6.9838403 1804 140
6.9910397 1804 140
6.9982500 1804 140
7.0054451 1804 140
7.0126383 1804 140
7.0198440 1804 140
7.0270291 1804 141
7.0342399 1804 141
7.0414419 1804 141
7.0486251 1804 141
7.0558384 1804 141
7.0630462 1804 141
7.0702721 1804 141
7.0774661 1804 141
7.0846609 1804 141
7.0918810 1804 141
7.0990682 1804 141
7.1062617 1804 141
7.1134626 1804 141
7.1206679 1804 141
7.1278679 1804 141
7.1350678 1805 141
7.1422596 1805 141
7.1494507 1805 141
7.1566444 1805 142
7.1638387 1805 142
7.1710189 1805 142
7.1782068 1805 142
7.1854069 1805 142
7.1926131 1805 142
7.1998272 1805 142
7.2070099 1805 142
7.2142051 1805 142
7.2214216 1805 142
7.2286052 1805 142
7.2357972 1805 142
7.2429859 1805 142
7.2501783 1805 142
7.2573954 1805 142
7.2645889 1805 142
7.2717932 1805 142
7.2790008 1805 142
7.2861941 1805 142
7.2933737 1805 142
7.3005780 1805 142
7.3077849 1805 142
7.3149894 1805 142
7.3221938 1805 142
7.3294062 1805 142
7.3366043 1805 142
7.3438295 1805 142
7.3510358 1805 142
7.3582469 1805 142
7.3654598 1805 142
7.3726458 1805 142
7.3798545 1805 142
7.3870502 1806 142
7.3942518 1806 142
7.4014549 1806 142
7.4086367 1806 142
7.4158313 1806 142
7.4230436 1806 142
7.4302569 1806 142
7.4374603 1806 142
7.4446199 1806 142
7.4518212 1806 142
7.4590138 1806 142
7.4662216 1806 142
7.4734441 1806 142
7.4806426 1806 142
7.4878355 1806 142
7.4950363 1806 142
7.5022410 1806 142
7.5094264 1806 142
7.5166099 1806 142
7.5238021 1806 142
7.5310072 1806 142
7.5382107 1806 142
7.5454151 1806 142
7.5526032 1806 142
7.5597967 1806 142
7.5670063 1806 142
7.5741994 1806 142
7.5813909 1806 142
7.5885935 1806 142
7.5958116 1806 142
7.6030159 1806 142
7.6102131 1806 142
7.6174040 1806 142
7.6246114 1806 142
7.6317991 1807 142
7.6389862 1807 142
7.6461906 1807 142
7.6533948 1807 142
7.6605892 1807 142
7.6677879 1807 142
7.6749800 1807 142
7.6821835 1807 142
7.6893952 1807 142
7.6965917 1807 142
7.7037814 1807 142
7.7109804 1807 142
7.7181843 1807 142
7.7254049 1807 142
7.7326052 1807 142
7.7398270 1807 142
7.7470206 1807 142
7.7542171 1807 142
7.7614229 1807 143
7.7686190 1807 143
7.7758299 1807 143
7.7830317 1807 143
7.7902373 1807 143
7.7974525 1807 143
7.8046407 1807 143
7.8118523 1807 143
7.8190477 1807 143
7.8262376 1807 143
7.8334356 1807 143
7.8406540 1807 143
7.8478482 1807 143
7.8550331 1807 143
7.8622349 1807 143
7.8694294 1807 143
7.8766314 1807 143
7.8838126 1808 143
7.8910219 1808 143
7.8982260 1808 143
7.9054327 1808 143
7.9126315 1808 143
7.9198507 1808 143
7.9270499 1808 143
7.9342473 1808 143
7.9414700 1808 143
7.9486582 1808 143
7.9558718 1808 143
7.9630641 1808 143
7.9702768 1808 143
7.9774581 1808 143
7.9846621 1808 143
7.9918650 1808 143
7.9990740 1808 143
8.0062688 1808 143
8.0134726 1808 143
8.0206868 1808 143
8.0278959 1808 143
8.0350826 1808 143
8.0422900 1808 143
8.0495075 1808 143
8.0567021 1808 143
8.0639063 1808 143
8.0710833 1808 143
8.0782800 1808 143
8.0854754 1808 143
8.0926658 1808 143
8.0998497 1808 143
8.1070411 1808 143
8.1142310 1808 143
8.1214337 1808 143
8.1286465 1808 143
8.1358470 1809 143
8.1430307 1809 144
8.1502323 1809 144
8.1574301 1809 144
8.1646460 1809 144
8.1718504 1809 144
8.1790453 1809 144
8.1862634 1809 144
8.1934692 1809 144
8.2006886 1809 144
8.2078845 1809 145
8.2150536 1809 145
8.2222231 1809 145
8.2294276 1809 145
8.2366331 1809 145
8.2438231 1809 145
8.2510211 1809 145
8.2582156 1809 145
8.2654293 1809 145
8.2726351 1809 145
8.2798419 1809 145
8.2870332 1809 145
8.2942450 1809 145
8.3014338 1809 145
8.3086147 1809 145
8.3158050 1809 145
8.3230216 1809 145
8.3302250 1809 145
8.3374157 1809 145
8.3446124 1809 145
8.3518116 1809 145
8.3590058 1809 145
8.3661980 1809 145
8.3733858 1809 145
8.3805783 1809 145
8.3877882 1810 145
8.3949849 1810 145
8.4021944 1810 145
8.4093906 1810 145
8.4166022 1810 145
8.4238094 1810 145
8.4310176 1810 145
8.4381931 1810 145
8.4453909 1810 145
8.4526038 1810 145
8.4597929 1810 145
8.4669945 1810 145
8.4741960 1810 145
8.4813938 1810 145
8.4885951 1810 145
8.4957895 1810 145
8.5029922 1810 145
8.5101611 1810 145
8.5173659 1810 145
8.5245769 1810 145
8.5317832 1810 145
8.5389692 1810 145
8.5461530 1810 145
8.5533580 1810 145
8.5605631 1810 145
8.5677567 1810 145
8.5749633 1810 145
8.5821764 1810 145
8.5893843 1810 145
8.5965963 1810 145
8.6038054 1810 145
8.6110041 1810 145
8.6181973 1810 145
8.6253990 1810 145
8.6326001 1810 145
8.6398013 1811 145
8.6470082 1811 145
8.6542216 1811 145
8.6614134 1811 145
8.6686367 1811 145
8.6758638 1811 145
8.6830626 1811 145
8.6902595 1811 145
8.6974689 1811 145
8.7046543 1811 145
8.7118500 1811 145
8.7190556 1811 145
8.7262513 1811 145
8.7334411 1811 145
8.7406404 1811 145
8.7478604 1811 145
8.7550739 1811 145
8.7622725 1811 145
8.7694595 1811 145
8.7766475 1811 145
8.7838426 1811 145
8.7910631 1811 145
8.7982794 1811 145
8.8054805 1811 145
8.8127056 1811 145
8.8199299 1811 145
8.8271260 1811 145
8.8343336 1811 145
8.8415683 1811 145
8.8487607 1811 145
8.8559760 1811 145
8.8631824 1811 145
8.8704093 1811 145
8.8776146 1811 145
8.8848111 1811 145
8.8920261 1812 145
8.8992398 1812 145
8.9064633 1812 145
8.9136607 1812 145
8.9208488 1812 145
8.9280452 1812 145
8.9352291 1812 145
8.9424027 1812 145
8.9496006 1812 145
8.9567859 1812 145
8.9639799 1812 145
8.9711771 1812 145
8.9783566 1812 145
8.9855581 1812 145
8.9927647 1812 145
8.9999615 1812 145
9.0071845 1812 145
9.0143868 1812 145
9.0215880 1812 145
9.0287707 1812 145
9.0359633 1812 145
9.0431965 1812 145
9.0503774 1812 145
9.0575702 1812 145
9.0647541 1812 145
9.0719663 1812 145
9.0791364 1812 145
9.0863580 1812 145
9.0935539 1812 145
9.1007646 1812 145
9.1079682 1812 145
9.1151692 1812 145
9.1223696 1812 145
9.1295640 1812 145
9.1367506 1813 145
9.1439679 1813 145
9.1511683 1813 145
9.1583625 1813 145
9.1655557 1813 145
9.1727482 1813 145
9.1799672 1813 145
9.1871822 1813 145
9.1943686 1813 145
9.2015756 1813 145
9.2087636 1813 145
9.2159564 1813 145
9.2231583 1813 145
9.2303833 1813 145
9.2376020 1813 145
9.2448168 1813 145
9.2520057 1813 145
9.2591904 1813 145
9.2664151 1813 145
9.2736045 1813 145
9.2808169 1813 145
9.2880129 1813 145
9.2951983 1813 145
9.3023914 1813 145
9.3095963 1813 145
9.3167836 1813 145
9.3239899 1813 145
9.3311916 1813 145
9.3383929 1813 145
9.3456154 1813 145
9.3528299 1813 145
9.3600142 1813 145
9.3672075 1813 146
9.3744249 1813 146
9.3816308 1813 146
9.3888059 1814 146
9.3960036 1814 146
9.4032102 1814 146
9.4104154 1814 146
9.4176072 1814 146
9.4248181 1814 146
9.4320337 1814 146
9.4392254 1814 146
9.4464319 1814 146
9.4536340 1814 147
9.4608386 1814 147
9.4680275 1814 147
9.4752024 1814 147
9.4823965 1814 147
9.4895971 1814 147
9.4968126 1814 147
9.5039990 1814 147
9.5112077 1814 147
9.5184059 1814 147
9.5256124 1814 147
9.5328340 1814 147
9.5400349 1814 147
9.5472537 1814 147
9.5544559 1814 147
9.5616402 1814 147
9.5688292 1814 147
9.5760427 1814 147
9.5832484 1814 147
9.5904584 1814 147
9.5976619 1814 147
9.6048710 1814 147
9.6120635 1814 147
9.6192710 1814 147
9.6264804 1814 147
9.6336759 1814 147
9.6408536 1815 147
9.6480471 1815 147
9.6552378 1815 147
9.6624239 1815 147
9.6696230 1815 147
9.6767988 1815 147
9.6840100 1815 147
9.6911964 1815 147
9.6983792 1815 147
9.7055938 1815 147
9.7127923 1815 147
9.7199938 1815 147
9.7272075 1815 147
9.7343938 1815 147
9.7416009 1815 147
9.7488024 1815 147
9.7559845 1815 147
9.7631898 1815 147
9.7703982 1815 147
9.7775914 1815 147
9.7847793 1815 147
9.7919723 1815 147
9.7991672 1815 147
9.8063600 1815 147
9.8135627 1815 147
9.8207583 1815 147
9.8279542 1815 147
9.8351616 1815 147
9.8423681 1815 147
9.8495613 1815 147
9.8567620 1815 147
9.8639748 1815 147
9.8711763 1815 147
9.8783756 1815 147
9.8855593 1816 147
9.8927550 1816 147
9.8999699 1816 147
9.9071424 1816 147
9.9143420 1816 147
9.9215526 1816 147
9.9287662 1816 147
9.9359501 1816 147
9.9431547 1816 147
9.9503640 1816 147
9.9575498 1816 147
9.9647559 1816 147
9.9719563 1816 147
9.9791720 1816 147
9.9863744 1816 147
9.9935950 1816 147
10.0007926 1816 147
10.0079956 1816 147
10.0151855 1816 147
10.0223836 1816 147
10.0295697 1816 147
10.0367838 1816 147
10.0439944 1816 147
10.0511880 1816 147
10.0583857 1816 147
10.0655791 1816 147
10.0727707 1816 147
10.0799886 1816 147
10.0871919 1816 147
10.0943900 1816 147
10.1015936 1816 147
10.1087840 1816 147
10.1159651 1816 147
10.1231441 1816 147
10.1303475 1816 147
10.1375632 1817 147
10.1447815 1817 147
10.1519718 1817 147
10.1591648 1817 147
10.1663707 1817 147
10.1735713 1817 147
10.1807724 1817 147
10.1879799 1817 147
10.1951636 1817 147
10.2023752 1817 147
10.2095736 1817 147
10.2167725 1817 147
10.2239842 1817 147
10.2311874 1817 147
10.2383780 1817 147
10.2456129 1817 147
10.2528007 1817 147
10.2600129 1817 147
10.2672056 1817 147
10.2743970 1817 147
10.2815919 1817 147
10.2887876 1817 147
10.2959740 1817 147
10.3031800 1817 147
10.3103541 1817 147
10.3175529 1817 147
10.3247274 1817 147
10.3319200 1817 147
10.3391312 1817 147
10.3463305 1817 147
10.3535163 1817 147
10.3606979 1817 147
10.3678981 1817 147
10.3751130 1817 147
10.3823156 1817 147
10.3895139 1818 147
10.3967072 1818 147
10.4039202 1818 147
10.4111147 1818 147
10.4183301 1818 147
10.4255269 1818 147
10.4327177 1818 147
10.4399106 1818 147
10.4471067 1818 147
10.4542799 1818 147
10.4614920 1818 147
10.4686763 1818 147
10.4758856 1818 147
10.4830570 1818 147
10.4902681 1818 147
10.4974721 1818 147
10.5046823 1818 147
10.5118901 1818 147
10.5190891 1818 147
10.5262963 1818 147
10.5334874 1818 147
10.5406743 1818 147
10.5478825 1818 147
10.5550751 1818 147
10.5622643 1818 147
10.5694678 1818 147
10.5766582 1818 147
10.5838494 1818 147
10.5910618 1818 147
10.5982605 1818 147
10.6054741 1818 147
10.6127199 1818 147
10.6199073 1818 147
10.6270784 1818 147
10.6342737 1818 147
10.6414674 1819 147
10.6486804 1819 147
10.6558736 1819 147
10.6630701 1819 147
10.6702687 1819 147
10.6774599 1819 147
10.6846518 1819 147
10.6918582 1819 147
10.6990388 1819 147
10.7062453 1819 147
10.7134340 1819 147
10.7206452 1819 147
10.7278256 1819 147
10.7350192 1819 147
10.7422256 1819 147
10.7494147 1819 147
10.7566212 1819 147
10.7638266 1819 147
10.7710275 1819 147
10.7782191 1819 147
10.7854139 1819 147
10.7926206 1819 147
10.7998018 1819 147
10.8070320 1819 147
10.8142285 1819 147
10.8214190 1819 147
10.8286114 1819 147
10.8358252 1819 147
10.8430374 1819 147
10.8502428 1819 147
10.8574498 1819 147
10.8646660 1819 147
10.8718520 1819 147
10.8790430 1819 147
10.8862355 1819 147
10.8934420 1820 147
10.9006438 1820 147
10.9078625 1820 147
10.9150301 1820 147
10.9222068 1820 147
10.9294153 1820 147
10.9366242 1820 147
10.9438127 1820 147
10.9510130 1820 147
10.9581907 1820 147
10.9654022 1820 147
10.9725977 1820 147
10.9798122 1820 147
10.9870190 1820 147
10.9942226 1820 147
11.0013985 1820 147
11.0085972 1820 147
11.0157687 1820 147
11.0229849 1820 147
11.0302013 1820 147
11.0374029 1820 147
11.0446083 1820 147
11.0518049 1820 147
11.0589920 1820 147
11.0662134 1820 147
11.0734136 1820 147
11.0806137 1820 147
11.0878213 1820 147
11.0950351 1820 147
11.1022308 1820 147
11.1094324 1820 147
11.1166350 1820 147
11.1238510 1820 147
11.1310586 1820 147
11.1382428 1820 147
11.1454503 1821 147
11.1526745 1821 147
11.1598970 1821 147
11.1671022 1821 147
11.1743018 1821 147
11.1815032 1821 147
11.1887101 1821 147
11.1959175 1821 147
11.2031406 1821 147
11.2103336 1821 147
11.2175153 1821 147
11.2247129 1821 147
11.2319099 1821 147
11.2391214 1821 147
11.2463240 1821 147
11.2535173 1821 147
11.2607449 1821 147
11.2679169 1821 147
11.2751235 1821 147
11.2823284 1821 147
11.2895294 1821 147
11.2967316 1821 147
11.3039316 1821 147
11.3111061 1821 147
11.3183023 1821 147
11.3254957 1821 147
11.3326894 1821 147
11.3398648 1821 147
11.3470621 1821 147
11.3542707 1821 147
11.3614603 1821 147
11.3686631 1821 147
11.3758652 1821 147
11.3830583 1821 147
11.3902614 1821 147
11.3974671 1822 147
11.4046690 1822 147
11.4118647 1822 147
11.4190555 1822 147
11.4262592 1822 147
11.4334503 1822 147
11.4406706 1822 147
11.4478624 1822 147
11.4550692 1822 147
11.4622737 1822 147
11.4694952 1822 147
11.4767002 1822 147
11.4839002 1822 147
11.4910998 1822 147
11.4982889 1822 147
11.5055092 1822 147
11.5127161 1822 147
11.5199172 1822 147
11.5271085 1822 147
11.5342984 1822 147
11.5415024 1822 147
11.5487207 1822 147
11.5559139 1822 147
11.5631202 1822 147
11.5703258 1822 147
11.5775008 1822 147
11.5846963 1822 147
11.5919146 1822 147
11.5991264 1822 147
11.6063282 1822 147
11.6135327 1822 147
11.6207248 1822 147
11.6279395 1822 147
11.6351350 1822 147
11.6423119 1823 147
11.6495184 1823 147
11.6567117 1823 147
11.6639138 1823 147
11.6711218 1823 147
11.6783220 1823 147
11.6855039 1823 147
11.6926897 1823 147
11.6999078 1823 147
11.7070929 1823 147
11.7142951 1823 147
11.7214930 1823 147
11.7286760 1823 147
11.7358665 1823 147
11.7430624 1823 147
11.7502564 1823 147
11.7574675 1823 147
11.7646868 1823 147
11.7718933 1823 147
11.7791077 1823 147
11.7863097 1823 147
11.7935263 1823 147
11.8007377 1823 147
11.8079342 1823 147
11.8151230 1823 147
11.8223402 1823 147
11.8295311 1823 147
11.8367343 1823 147
11.8439089 1823 147
11.8510837 1823 147
11.8583036 1823 147
11.8654841 1823 147
11.8726814 1823 147
11.8798871 1823 147
11.8870905 1823 147
11.8942925 1824 147
11.9014900 1824 148
11.9086943 1824 148
11.9159027 1824 148
11.9231107 1824 148
11.9303031 1824 148
11.9374834 1824 148
11.9446918 1824 148
11.9519092 1824 148
11.9591103 1824 148
11.9663206 1824 148
11.9735158 1824 148
11.9807108 1824 148
11.9879264 1824 148
11.9951247 1824 148
12.0023319 1824 148
12.0095456 1824 148
12.0167451 1824 148
12.0239276 1824 148
12.0311067 1824 148
12.0382822 1824 148
12.0454584 1824 148
12.0526582 1824 148
12.0598333 1824 148
12.0670262 1824 148
12.0742135 1824 148
12.0814149 1824 148
12.0885999 1824 148
12.0957938 1824 148
12.1030230 1824 148
12.1102330 1824 148
12.1174422 1824 148
12.1246265 1824 148
12.1318275 1824 148
12.1390277 1824 148
12.1462387 1825 148
12.1534582 1825 148
12.1606677 1825 148
12.1678682 1825 148
12.1750679 1825 148
12.1822653 1825 148
12.1894825 1825 148
12.1966680 1825 148
12.2038648 1825 148
12.2110467 1825 148
12.2182643 1825 148
12.2254827 1825 148
12.2327076 1825 148
12.2398906 1825 148
12.2471044 1825 148
12.2543058 1825 148
12.2615179 1825 148
12.2687125 1825 148
12.2759122 1825 148
12.2830963 1825 148
12.2902972 1825 148
12.2975085 1825 148
12.3047169 1825 148
12.3118985 1825 148
12.3190774 1825 148
12.3262861 1825 148
12.3335088 1825 148
12.3407069 1825 148
12.3478758 1825 148
12.3550642 1825 148
12.3622563 1825 148
12.3694677 1825 148
12.3766491 1825 148
12.3838241 1825 148
12.3910005 1825 148
12.3981620 1826 148
12.4053520 1826 148
12.4125628 1826 148
12.4197713 1826 148
12.4269800 1826 148
12.4341775 1826 148
12.4413875 1826 148
12.4485639 1826 148
12.4557633 1826 148
12.4629636 1826 148
12.4701645 1826 148
12.4773685 1826 148
12.4845680 1826 148
12.4917815 1826 148
12.4989761 1826 148
12.5061806 1826 148
12.5133653 1826 148
12.5205496 1826 148
12.5277591 1826 148
12.5349464 1826 148
12.5421418 1826 148
12.5493378 1826 148
12.5565384 1826 148
12.5637308 1826 148
12.5709527 1826 148
12.5781450 1826 148
12.5853314 1826 148
12.5925104 1826 148
12.5997319 1826 148
12.6069393 1826 148
12.6141398 1826 148
12.6213382 1826 148
12.6285244 1826 148
12.6357274 1826 148
12.6429253 1826 148
12.6501293 1827 148
12.6573322 1827 148
12.6645292 1827 148
12.6717279 1827 148
12.6789284 1827 148
12.6861182 1827 148
12.6933192 1827 148
12.7005202 1827 148
12.7077142 1827 148
12.7148861 1827 148
12.7220811 1827 148
12.7292767 1827 148
12.7364837 1827 148
12.7436968 1827 148
12.7508746 1827 148
12.7580687 1827 148
12.7652406 1827 148
12.7724476 1827 148
12.7796466 1827 148
12.7868565 1827 148
12.7940530 1827 148
12.8012718 1827 148
12.8084693 1827 148
12.8156805 1827 148
12.8228878 1827 148
12.8300625 1827 148
12.8372562 1827 148
12.8444516 1827 148
12.8516608 1827 148
12.8588682 1827 148
12.8660601 1827 148
12.8732610 1827 148
12.8804481 1827 148
12.8876520 1827 148
12.8948239 1827 148
12.9020347 1828 148
12.9092134 1828 148
12.9164098 1828 148
12.9236129 1828 148
12.9308003 1828 148
12.9379828 1828 148
12.9451745 1828 148
12.9523623 1828 148
12.9595488 1828 148
12.9667639 1828 148
12.9739706 1828 148
12.9811732 1828 148
12.9883696 1828 148
12.9955463 1828 148
13.0027372 1828 148
13.0099461 1828 148
13.0171187 1828 148
13.0243417 1828 148
13.0315609 1828 148
13.0387659 1828 148
13.0459743 1828 148
13.0531697 1828 148
13.0603770 1828 148
13.0675811 1828 148
13.0747684 1828 148
13.0819478 1828 148
13.0891431 1828 148
13.0963675 1828 148
13.1035804 1828 148
13.1107660 1828 148
13.1179812 1828 148
13.1251906 1828 148
13.1323824 1828 148
13.1395709 1828 148
13.1467686 1829 148
13.1539702 1829 148
13.1611916 1829 148
13.1683741 1829 148
13.1755607 1829 148
13.1827506 1829 148
13.1899461 1829 148
13.1971163 1829 148
13.2043177 1829 148
13.2115113 1829 148
13.2187130 1829 148
13.2259222 1829 148
13.2330926 1829 148
13.2402950 1829 148
13.2474974 1829 148
13.2547125 1829 148
13.2619184 1829 148
13.2691458 1829 148
13.2763343 1829 148
13.2835435 1829 148
13.2907570 1829 148
13.2979627 1829 148
13.3051678 1829 148
13.3123726 1829 148
13.3195557 1829 148
13.3267515 1829 148
13.3339424 1829 148
13.3411515 1829 148
13.3483486 1829 148
13.3555484 1829 148
13.3627517 1829 148
13.3699607 1829 148
13.3771714 1829 148
13.3843521 1829 148
13.3915554 1829 148
13.3987684 1830 148
13.4059644 1830 148
13.4131802 1830 148
13.4203758 1830 148
13.4275743 1830 148
13.4347635 1830 148
13.4419688 1830 148
13.4491769 1830 148
13.4563806 1830 148
13.4635814 1830 148
13.4708094 1830 148
13.4779970 1830 148
13.4851792 1830 148
13.4924180 1830 148
13.4996205 1830 148
13.5068104 1830 148
13.5140161 1830 148
13.5212177 1830 148
13.5284192 1830 148
13.5356328 1830 148
13.5428383 1830 148
13.5500249 1830 148
13.5572178 1830 148
13.5644283 1830 148
13.5716143 1830 148
13.5788132 1830 148
13.5860068 1830 148
13.5931838 1830 148
13.6004131 1830 148
13.6076333 1830 148
13.6148556 1830 148
13.6220515 1830 148
13.6292547 1830 148
13.6364427 1830 148
13.6436505 1830 148
13.6508541 1831 148
13.6580496 1831 148
13.6652498 1831 148
13.6724429 1831 148
13.6796480 1831 148
13.6868563 1831 148
13.6940437 1831 148
13.7012432 1831 148
13.7084445 1831 148
13.7156694 1831 148
13.7228746 1831 148
13.7301018 1831 148
13.7372974 1831 148
13.7444850 1831 148
13.7516694 1831 148
13.7588830 1831 148
13.7660978 1831 148
13.7732880 1831 148
13.7805060 1831 148
13.7876932 1831 148
13.7948839 1831 148
13.8020871 1831 148
13.8092774 1831 148
13.8164821 1831 148
13.8236935 1831 148
13.8309100 1831 148
13.8381052 1831 148
13.8453081 1831 148
13.8525125 1831 148
13.8597128 1831 148
13.8669092 1831 148
13.8741096 1831 148
13.8813209 1831 148
13.8885047 1831 148
13.8957072 1831 148
13.9028840 1832 148
13.9100815 1832 148
13.9172838 1832 148
13.9244742 1832 148
13.9316687 1832 148
13.9388719 1832 148
13.9460598 1832 148
13.9532564 1832 148
13.9604437 1832 148
13.9676437 1832 148
13.9748336 1832 148
13.9820358 1832 148
13.9892238 1832 148
13.9964474 1832 148
14.0036554 1832 148
14.0108472 1832 148
14.0180576 1832 148
14.0252566 1832 148
14.0324752 1832 148
14.0396816 1832 148
14.0468713 1832 148
14.0540681 1832 148
14.0612752 1832 148
14.0684550 1832 148
14.0756509 1832 148
14.0828386 1832 148
14.0900460 1832 148
14.0972567 1832 148
14.1044564 1832 148
14.1116813 1832 148
14.1188541 1832 148
14.1260445 1832 148
14.1332528 1832 148
14.1404609 1832 148
14.1476645 1833 148
14.1548700 1833 148
14.1620775 1833 148
14.1692942 1833 148
14.1764791 1833 148
14.1836784 1833 148
14.1908696 1833 148
14.1980664 1833 148
14.2052401 1833 148
14.2124290 1833 148
14.2196317 1833 148
14.2268358 1833 148
14.2340468 1833 148
14.2412392 1833 148
14.2484551 1833 148
14.2556499 1833 148
14.2628351 1833 148
14.2700430 1833 148
14.2772611 1833 148
14.2844750 1833 148
14.2917031 1833 148
14.2989229 1833 148
14.3061384 1833 148
14.3133399 1833 148
14.3205351 1833 148
14.3277405 1833 148
14.3349593 1833 148
14.3421911 1833 148
14.3493923 1833 148
14.3565995 1833 148
14.3638072 1833 148
14.3710103 1833 148
14.3782038 1833 148
14.3853941 1833 148
14.3926039 1833 148
14.3998152 1834 148
14.4070210 1834 148
14.4142172 1834 148
14.4213935 1834 148
14.4286032 1834 148
14.4357939 1834 148
14.4430056 1834 148
14.4502128 1834 148
14.4573909 1834 148
14.4646180 1834 148
14.4718120 1834 148
14.4790218 1834 148
14.4862144 1834 148
14.4934100 1834 148
14.5006099 1834 148
14.5078155 1834 148
14.5150236 1834 148
14.5222492 1834 148
14.5294833 1834 148
14.5366916 1834 148
14.5439006 1834 148
14.5511126 1834 148
14.5583233 1834 148
14.5655256 1834 148
14.5727232 1834 148
14.5799177 1834 148
14.5871253 1834 148
14.5943205 1834 148
14.6015160 1834 148
14.6087007 1834 148
14.6159187 1834 148
14.6231216 1834 148
14.6303331 1834 148
14.6375454 1834 148
14.6447285 1835 148
14.6519254 1835 149
14.6591138 1835 149
14.6663074 1835 149
14.6734971 1835 149
14.6806946 1835 149
14.6878921 1835 149
14.6950984 1835 149
14.7022836 1835 149
14.7094580 1835 149
14.7166637 1835 149
14.7238663 1835 149
14.7310584 1835 149
14.7382529 1835 149
14.7454549 1835 149
14.7526517 1835 149
14.7598697 1835 149
14.7670670 1835 149
14.7742687 1835 149
14.7814636 1835 149
14.7886752 1854 149
14.7958721 1854 149
14.8030684 1854 149
14.8102720 1854 149
14.8174726 1854 149
14.8246776 1854 149
14.8318948 1854 149
14.8390791 1854 149
14.8462712 1854 149
14.8534765 1854 149
14.8606847 1854 149
14.8678798 1854 149
14.8750837 1854 149
14.8822907 1854 149
14.8894943 1854 149
14.8966985 1855 149
14.9038698 1855 149
14.9110670 1855 149
14.9182717 1855 149
14.9254818 1855 149
14.9326800 1855 149
14.9398999 1855 149
14.9471110 1855 149
14.9542974 1855 149
14.9615001 1855 149
14.9687080 1855 149
14.9758992 1855 149
14.9830945 1855 149
14.9902884 1855 149
14.9974816 1855 149
15.0046979 1855 149
15.0119486 1855 149
15.0191510 1855 149
15.0263514 1855 149
15.0335503 1855 149
15.0407560 1855 149
15.0479485 1855 149
15.0551372 1855 149
15.0623251 1855 149
15.0695380 1855 149
15.0767435 1855 149
15.0839393 1855 149
15.0911319 1855 149
15.0983447 1855 149
15.1055659 1855 149
15.1127761 1855 149
15.1199607 1855 149
15.1271618 1855 149
15.1343600 1855 149
15.1415632 1855 149
15.1487522 1856 149
15.1559506 1856 149
15.1631655 1856 149
15.1703729 1866 149
15.1775762 1866 149
15.1847665 1866 149
15.1919501 1866 149
15.1991500 1866 149
15.2063502 1866 149
15.2135402 1866 149
15.2207432 1866 149
15.2279329 1866 149
15.2351334 1866 149
15.2423238 1866 149
15.2495109 1866 149
15.2567283 1866 149
15.2639279 1866 149
15.2711302 1866 149
15.2783242 1866 149
15.2855390 1866 149
15.2927382 1866 149
15.2999167 1866 149
15.3071301 1866 149
15.3143484 1866 149
15.3215599 1866 149
15.3287545 1866 149
15.3359582 1866 149
15.3431457 1866 149
15.3503355 1866 149
15.3575573 1866 149
15.3647856 1866 149
15.3719554 1866 149
15.3791624 1866 149
15.3863524 1866 149
15.3935531 1866 149
15.4007713 1867 149
15.4079821 1867 149
15.4151923 1867 149
15.4223996 1867 149
15.4296012 1867 149
15.4368006 1867 149
15.4440031 1867 149
15.4512199 1867 149
15.4584186 1867 149
15.4656232 1867 149
15.4728273 1867 149
15.4800211 1867 149
15.4872120 1867 149
15.4944178 1867 149
15.5016270 1867 149
15.5088316 1867 149
15.5160347 1867 149
15.5232322 1867 149
15.5304364 1867 149
15.5376360 1867 149
15.5448272 1867 149
15.5520290 1867 149
15.5592210 1867 149
15.5664405 1867 149
15.5736413 1867 149
15.5808512 1867 149
15.5880381 1867 149
15.5952511 1867 149
15.6024468 1867 149
15.6096425 1867 149
15.6168209 1867 149
15.6240078 1867 149
15.6312101 1867 149
15.6384141 1867 149
15.6456152 1867 149
15.6528259 1868 149
15.6600169 1868 149
15.6672265 1868 149
15.6744477 1868 149
15.6816477 1868 149
15.6888526 1868 149
15.6960610 1868 149
15.7032453 1868 149
15.7104283 1868 149
15.7176310 1868 149
15.7248269 1868 149
15.7320114 1868 149
15.7392023 1868 149
15.7463813 1868 149
15.7535725 1868 149
15.7607631 1868 149
15.7679907 1868 149
15.7751836 1868 149
15.7823671 1868 149
15.7895643 1868 149
15.7967669 1868 149
15.8039647 1868 149
15.8111565 1868 149
15.8183392 1868 149
15.8255461 1868 149
15.8327560 1868 149
15.8399544 1868 149
15.8471417 1868 149
15.8543475 1868 149
15.8615745 1868 149
15.8687865 1868 149
15.8759944 1868 149
15.8831791 1868 149
15.8903588 1868 149
15.8975747 1868 149
15.9047740 1869 149
15.9119836 1869 149
15.9191725 1869 149
15.9263899 1869 149
15.9336068 1869 149
15.9408061 1869 149
15.9479919 1869 149
15.9552241 1869 149
15.9624507 1869 149
15.9696438 1869 149
15.9768467 1869 149
15.9840376 1869 149
15.9912380 1869 149
15.9984438 1869 149
16.0056305 1869 149
16.0128158 1869 149
16.0200215 1869 149
16.0272094 1869 149
16.0344074 1869 149
16.0416210 1869 149
16.0488063 1869 149
16.0560228 1869 149
16.0632260 1869 149
16.0704239 1869 149
16.0776339 1869 149
16.0848380 1869 149
16.0920445 1869 149
16.0992605 1869 149
16.1064613 1869 149
16.1136567 1869 149
16.1208796 1869 149
16.1280888 1869 149
16.1353086 1869 149
16.1425507 1869 149
16.1497778 1870 149
16.1569595 1870 149
16.1641522 1870 149
16.1713519 1870 149
16.1785413 1870 149
16.1857414 1870 149
16.1929425 1870 149
16.2001455 1870 149
16.2073505 1870 149
16.2145518 1870 149
16.2217677 1870 149
16.2289695 1870 149
16.2361740 1870 149
16.2434007 1870 149
16.2505925 1870 149
16.2577900 1870 149
16.2649954 1870 149
16.2721879 1870 149
16.2793943 1870 149
16.2866070 1870 149
16.2938003 1870 149
16.3009825 1870 149
16.3081848 1870 149
16.3154012 1870 149
16.3226029 1870 149
16.3297744 1870 149
16.3369749 1870 149
16.3441775 1870 149
16.3514196 1870 149
16.3586088 1870 149
16.3657990 1870 149
16.3729734 1870 149
16.3801698 1870 149
16.3873556 1870 149
16.3945496 1870 149
16.4017486 1871 149
16.4089344 1871 149
16.4161331 1871 149
16.4233255 1871 149
16.4304992 1871 149
16.4376885 1871 149
16.4448906 1871 149
16.4521083 1871 149
16.4592925 1871 149
16.4664814 1871 149
16.4736845 1871 149
16.4808820 1871 149
16.4880888 1871 149
16.4953047 1871 149
16.5025103 1871 149
16.5096895 1871 149
16.5169005 1871 149
16.5240845 1871 149
16.5312753 1871 149
16.5384871 1871 149
16.5456574 1871 149
16.5528679 1871 149
16.5600876 1871 149
16.5673019 1871 149
16.5745052 1871 149
16.5817110 1871 149
16.5889284 1871 149
16.5961517 1871 149
16.6033442 1871 149
16.6105603 1871 149
16.6177599 1871 149
16.6249457 1871 149
16.6321418 1871 149
16.6393481 1871 149
16.6465530 1871 149
16.6537642 1872 149
16.6609583 1872 149
16.6681531 1872 149
16.6753582 1872 149
16.6825487 1872 149
16.6897577 1872 149
16.6969635 1872 149
16.7041491 1872 149
16.7113143 1872 149
16.7185099 1872 149
16.7257272 1872 149
16.7329360 1872 149
16.7401364 1872 149
16.7473471 1872 149
16.7545393 1872 149
16.7617194 1872 149
16.7689185 1872 149
16.7761176 1872 149
16.7833138 1872 149
16.7905364 1872 149
16.7977415 1872 149
16.8049622 1872 149
16.8121354 1872 149
16.8193240 1872 149
16.8265388 1872 149
16.8337315 1872 149
16.8409362 1872 149
16.8481288 1872 149
16.8553446 1872 149
16.8625172 1872 149
16.8697133 1872 149
16.8768890 1872 149
16.8840792 1872 149
16.8912807 1872 149
16.8984755 1872 149
16.9056738 1873 149
16.9128777 1873 149
16.9200373 1873 149
16.9272234 1873 149
16.9344369 1873 149
16.9416411 1873 149
16.9488457 1873 149
16.9560474 1873 149
16.9632647 1873 149
16.9704667 1873 149
16.9776606 1873 149
16.9848513 1873 149
16.9920452 1873 149
16.9992757 1873 149
17.0064825 1873 149
17.0136743 1873 149
17.0208843 1873 149
17.0280873 1873 149
17.0352834 1873 149
17.0425137 1873 149
17.0497157 1873 149
17.0569065 1873 149
17.0641027 1873 149
17.0713098 1873 149
17.0785083 1873 149
17.0857153 1873 149
17.0929027 1873 149
17.1000904 1873 149
17.1072949 1873 149
17.1144859 1873 149
17.1216847 1873 149
17.1288982 1873 149
17.1360785 1873 149
17.1432575 1873 149
17.1504603 1873 149
17.1576454 1874 149
17.1648349 1874 149
17.1720406 1874 149
17.1792542 1874 149
17.1864812 1874 149
17.1936492 1874 149
17.2008420 1874 149
17.2080400 1874 149
17.2152550 1874 149
17.2224301 1874 149
17.2296313 1874 149
17.2368103 1874 149
17.2440200 1874 149
17.2512267 1874 149
17.2584246 1874 149
17.2656197 1874 149
17.2728115 1874 149
17.2800210 1874 149
17.2872078 1874 149
17.2944375 1874 149
17.3016706 1874 149
17.3088702 1874 149
17.3160688 1874 149
17.3232655 1874 149
17.3304623 1874 149
17.3376663 1874 149
17.3448874 1874 149
17.3520782 1874 149
17.3592575 1874 149
17.3664595 1874 149
17.3736514 1874 149
17.3808731 1874 149
17.3880724 1874 149
17.3952848 1874 149
17.4024881 1874 149
17.4096923 1875 149
17.4168974 1875 149
17.4240824 1875 149
17.4312811 1875 149
17.4384695 1875 149
17.4456641 1875 149
17.4528599 1875 149
17.4600516 1875 149
17.4672475 1875 149
17.4744329 1875 149
17.4816037 1875 149
17.4887849 1875 149
17.4959851 1875 149
17.5032092 1875 149
17.5104321 1875 149
17.5176582 1875 149
17.5248816 1875 149
17.5320962 1875 149
17.5393033 1875 149
17.5465194 1875 149
17.5537304 1875 149
17.5609251 1875 149
17.5681533 1875 149
17.5753528 1875 149
17.5825584 1875 149
17.5897653 1905 149
17.5969857 1905 149
17.6041731 1905 149
17.6113639 1905 149
17.6185457 1905 149
17.6257439 1905 149
17.6329458 1905 149
17.6401614 1905 149
17.6473685 1905 149
17.6545647 1905 149
17.6617511 1906 149
17.6689515 1906 149
17.6761392 1906 149
17.6833729 1906 149
17.6905791 1906 149
17.6977872 1906 149
17.7050080 1906 149
17.7122053 1906 149
17.7194006 1906 149
17.7266095 1906 149
17.7337987 1906 149
17.7409869 1906 149
17.7481877 1906 149
17.7553946 1906 149
17.7625706 1906 149
17.7697733 1906 149
17.7769733 1906 149
17.7841825 1906 149
17.7913823 1906 149
17.7985796 1906 149
17.8057680 1906 149
17.8129636 1906 149
17.8201638 1906 149
17.8273685 1906 149
17.8345820 1906 149
17.8417747 1906 149
17.8489874 1906 149
17.8561663 1906 149
17.8633633 1906 149
17.8705834 1906 149
17.8777823 1906 149
17.8849842 1906 149
17.8921800 1906 149
17.8994010 1906 149
17.9065921 1907 149
17.9137928 1907 149
17.9210120 1907 149
17.9282183 1907 149
17.9354353 1907 149
17.9426181 1907 149
17.9498150 1907 149
17.9570107 1907 149
17.9642085 1907 149
17.9714047 1907 149
17.9786091 1907 149
17.9858183 1907 149
17.9930187 1907 149
18.0002146 1907 149
18.0074033 1907 149
18.0145858 1907 149
18.0217723 1907 149
18.0289442 1907 149
18.0361711 1907 149
18.0433630 1907 149
18.0505712 1907 149
18.0577643 1907 149
18.0649669 1907 149
18.0721513 1907 149
18.0793723 1907 149
18.0865776 1907 149
18.0937780 1907 149
18.1009688 1907 149
18.1081735 1907 149
18.1153603 1907 149
18.1225610 1907 149
18.1297344 1907 149
18.1369411 1907 149
18.1441431 1907 149
18.1513322 1907 149
18.1585370 1908 149
18.1657432 1908 149
18.1729141 1908 149
18.1801033 1908 149
18.1872903 1908 149
18.1944851 1908 149
18.2016779 1908 149
18.2088688 1908 149
18.2160356 1908 149
18.2232472 1908 149
18.2304221 1908 149
18.2376016 1908 149
18.2447778 1908 149
18.2519654 1908 149
18.2591614 1908 149
18.2663633 1908 149
18.2735714 1908 149
18.2807700 1908 149
18.2879822 1908 149
18.2951974 1908 149
18.3023975 1908 149
18.3096142 1908 149
18.3168074 1908 149
18.3240030 1908 149
18.3312228 1908 149
18.3384287 1908 149
18.3456389 1908 149
18.3528408 1908 149
18.3600335 1908 149
18.3672239 1908 149
18.3744030 1908 149
18.3816294 1908 149
18.3888289 1908 149
18.3960345 1908 149
18.4032378 1908 149
18.4104596 1909 149
18.4176420 1909 149
18.4248487 1909 149
18.4320475 1909 149
18.4392549 1909 149
18.4464532 1909 149
18.4536337 1909 149
18.4608218 1909 149
18.4680168 1909 149
18.4752291 1909 149
18.4824175 1909 149
18.4896016 1909 149
18.4968112 1909 149
18.5040028 1909 149
18.5112087 1909 149
18.5183783 1909 149
18.5255864 1909 149
18.5327896 1909 149
18.5399995 1909 149
18.5472169 1909 149
18.5544047 1909 149
18.5615893 1909 149
18.5688002 1909 149
18.5760032 1909 149
18.5832118 1909 149
18.5904152 1909 149
18.5976236 1909 149
18.6048387 1909 149
18.6120552 1909 149
18.6192625 1909 149
18.6264729 1909 149
18.6336693 1909 149
18.6408593 1909 149
18.6480791 1909 149
18.6552630 1910 149
18.6624758 1910 149
18.6697024 1910 149
18.6768834 1910 149
18.6840802 1910 149
18.6912759 1910 149
18.6984729 1910 149
18.7056857 1910 149
18.7128977 1910 149
18.7201287 1910 149
18.7273078 1910 149
18.7344993 1910 149
18.7417153 1910 149
18.7489092 1910 149
18.7560817 1910 149
18.7632833 1910 149
18.7704846 1910 149
18.7776865 1910 149
18.7848750 1910 149
18.7920755 1910 149
18.7992854 1910 149
18.8064939 1910 149
18.8136829 1910 149
18.8208882 1910 149
18.8280889 1910 149
18.8352945 1910 149
18.8424860 1910 149
18.8496781 1910 149
18.8568698 1910 149
18.8640713 1910 149
18.8712733 1910 149
18.8784851 1910 149
18.8856848 1910 149
18.8928865 1910 149
18.9000829 1910 149
18.9072899 1911 149
18.9144823 1911 149
18.9216676 1911 149
18.9288754 1911 149
18.9360834 1911 149
18.9432805 1911 149
18.9504663 1911 149
18.9576563 1911 149
18.9648309 1911 149
18.9720199 1911 149
18.9792260 1911 149
18.9864224 1911 149
18.9936221 1911 149
19.0008223 1911 149
19.0080309 1911 149
19.0152526 1911 149
19.0224489 1911 149
19.0296555 1911 149
19.0368647 1911 149
19.0440503 1911 149
19.0512626 1911 149
19.0584867 1911 149
19.0656947 1911 149
19.0729032 1911 149
19.0801102 1911 149
19.0873243 1911 149
19.0945401 1911 149
19.1017319 1911 149
19.1089198 1911 149
19.1161362 1911 149
19.1233632 1911 149
19.1305615 1911 149
19.1377393 1911 149
19.1449564 1911 149
19.1521545 1911 149
19.1593285 1912 149
19.1665327 1912 149
19.1737402 1912 149
19.1809411 1912 149
19.1881438 1912 149
19.1953157 1912 149
19.2025011 1912 149
19.2097070 1912 149
19.2169074 1912 149
19.2241046 1912 149
19.2312787 1912 149
19.2384722 1912 149
19.2456769 1912 149
19.2528667 1912 149
19.2600773 1912 149
19.2672729 1912 149
19.2744727 1912 149
19.2816549 1912 149
19.2888444 1912 149
19.2960519 1912 149
19.3032437 1912 149
19.3104390 1912 149
19.3176544 1912 149
19.3248627 1912 149
19.3320754 1912 149
19.3392888 1912 149
19.3465003 1912 149
19.3537032 1912 149
19.3609176 1912 149
19.3681075 1912 149
19.3752971 1912 149
19.3824909 1912 149
19.3896985 1912 149
19.3968880 1912 149
19.4040655 1912 149
19.4112724 1913 149
19.4184627 1913 149
19.4256582 1913 149
19.4328800 1913 149
19.4400847 1913 149
19.4472984 1913 149
19.4545013 1913 149
19.4616713 1913 149
19.4688780 1913 149
19.4760776 1913 149
19.4832759 1913 149
19.4904572 1913 149
19.4976617 1913 149
19.5048609 1913 149
19.5120812 1913 149
19.5192915 1913 149
19.5264934 1913 149
19.5337043 1913 149
19.5409172 1913 149
19.5481295 1913 149
19.5553402 1913 149
19.5625374 1913 149
19.5697331 1913 149
19.5769177 1913 149
19.5840912 1913 149
19.5912862 1913 149
19.5984716 1913 149
19.6056869 1913 149
19.6128875 1913 149
19.6200934 1913 149
19.6272844 1913 149
19.6344919 1913 149
19.6416762 1913 149
19.6488895 1913 149
19.6560861 1914 149
19.6632881 1914 149
19.6704415 1914 149
19.6776424 1914 149
19.6848273 1914 149
19.6920394 1914 149
19.6992513 1914 149
19.7064326 1914 149
19.7136143 1914 149
19.7208264 1914 149
19.7280419 1914 149
19.7352233 1914 149
19.7424327 1914 149
19.7496586 1914 149
19.7568528 1914 149
19.7640429 1914 149
19.7712555 1914 149
19.7784572 1914 149
19.7856776 1914 149
19.7929005 1914 149
19.8001133 1914 149
19.8073202 1914 149
19.8145152 1914 149
19.8217076 1914 149
19.8288983 1914 149
19.8361008 1914 149
19.8432916 1914 149
19.8504887 1914 149
19.8576807 1914 149
19.8648853 1914 149
19.8720818 1914 149
19.8792862 1914 149
19.8864733 1914 149
19.8936671 1914 149
19.9008744 1914 149
19.9080621 1915 149
19.9152515 1915 149
19.9224339 1915 149
19.9296300 1915 149
19.9368303 1915 149
19.9440425 1915 149
19.9512502 1915 149
19.9584549 1915 149
19.9656604 1915 149
19.9728637 1915 149
19.9800592 1915 149
19.9872637 1915 149
19.9944971 1915 149
20.0016836 1915 149
20.0088744 1915 149
20.0160764 1915 149
20.0232736 1915 149
20.0304892 1915 149
20.0376769 1915 149
20.0448781 1915 149
20.0520732 1915 149
20.0592659 1915 149
20.0664849 1915 149
20.0736538 1915 149
20.0808287 1915 149
20.0880349 1915 149
20.0952523 1915 149
20.1024413 1915 149
20.1096351 1915 149
20.1168342 1915 149
20.1240330 1915 149
20.1312349 1915 149
20.1384410 1915 149
20.1456441 1915 149
20.1528384 1916 149
20.1600316 1916 149
20.1672472 1916 149
20.1744486 1916 149
20.1816610 1916 149
20.1888729 1916 149
20.1960577 1916 149
20.2032622 1916 149
20.2104621 1916 149
20.2176738 1916 149
20.2248664 1916 149
20.2320618 1916 149
20.2392640 1916 149
20.2464726 1916 149
20.2536741 1916 149
20.2608853 1916 149
20.2680920 1916 149
20.2752997 1916 149
20.2824995 1916 149
20.2896945 1916 149
20.2969032 1916 149
20.3040765 1916 149
20.3112689 1916 149
20.3184823 1916 149
20.3256620 1916 149
20.3328496 1916 149
20.3400446 1916 149
20.3472713 1916 149
20.3544799 1916 149
20.3617068 1916 149
20.3688969 1916 149
20.3761099 1916 149
20.3833148 1916 149
20.3905145 1916 149
20.3977150 1916 149
20.4049179 1917 149
20.4121372 1917 149
20.4193350 1917 149
20.4265466 1917 150
20.4337721 1917 150
20.4409742 1917 150
20.4481701 1917 150
20.4553757 1917 150
20.4625865 1917 150
20.4697879 1917 150
20.4769732 1917 150
20.4841711 1917 150
20.4913545 1917 150
20.4985500 1917 150
20.5057304 1917 150
20.5129292 1917 150
20.5201345 1917 150
20.5273594 1917 150
20.5345747 1917 150
20.5417996 1917 150
20.5490143 1917 150
20.5562160 1917 150
20.5634088 1917 150
20.5706050 1917 150
20.5778062 1917 150
20.5849867 1917 150
20.5921741 1917 150
20.5993786 1917 150
20.6065701 1917 150
20.6137571 1917 150
20.6209655 1917 150
20.6281620 1917 150
20.6353557 1917 150
20.6425583 1917 150
20.6497524 1917 150
20.6569596 1918 150
20.6641724 1918 150
20.6713525 1918 150
20.6785604 1918 150
20.6857459 1918 150
20.6929376 1918 150
20.7001531 1918 150
20.7073415 1918 150
20.7145198 1918 150
20.7217110 1918 150
20.7288948 1918 150
20.7360871 1918 150
20.7432908 1918 150
20.7505018 1918 150
20.7577248 1918 150
20.7649261 1918 150
20.7721137 1918 150
20.7793326 1918 150
20.7865293 1918 150
20.7937389 1918 150
20.8009397 1918 150
20.8081378 1918 150
20.8153336 1918 150
20.8225212 1918 150
20.8297170 1918 150
20.8368995 1918 150
20.8441186 1918 150
20.8513204 1918 150
20.8585183 1918 150
20.8657336 1918 150
20.8729262 1918 150
20.8801146 1918 150
20.8872990 1918 150
20.8944907 1918 150
20.9016833 1918 150
20.9089140 1919 150
20.9161100 1919 150
20.9232962 1919 150
20.9304990 1919 150
20.9377073 1919 150
20.9448969 1919 150
20.9520749 1919 150
20.9592743 1919 150
20.9664561 1919 150
20.9736490 1919 150
20.9808439 1919 150
20.9880360 1919 150
20.9952283 1919 150
21.0024352 1919 150
21.0096316 1919 150
21.0168451 1919 150
21.0240287 1919 150
21.0312388 1919 150
21.0384361 1919 150
21.0456501 1919 150
21.0528362 1919 150
21.0600398 1919 150
21.0672491 1919 150
21.0744499 1919 150
21.0816363 1919 150
21.0888407 1919 150
21.0960273 1919 150
21.1032163 1919 150
21.1104190 1919 150
21.1176195 1919 150
21.1247894 1919 150
21.1319806 1919 150
21.1391707 1919 150
21.1463728 1919 150
21.1535904 1919 150
21.1608153 1920 150
21.1679951 1920 150
21.1752143 1920 150
21.1824285 1920 150
21.1896243 1920 150
21.1968255 1920 150
21.2040339 1920 150
21.2112567 1920 150
21.2184550 1920 150
21.2256625 1920 150
21.2328667 1920 150
21.2400620 1920 150
21.2472565 1920 150
21.2544522 1920 150
21.2616413 1920 150
21.2688539 1920 150
21.2760667 1920 150
21.2832916 1920 150
21.2904801 1920 150
21.2977059 1920 150
21.3049013 1920 150
21.3120826 1920 150
21.3192778 1920 150
21.3264707 1920 150
21.3336423 1920 150
21.3408435 1920 150
21.3480298 1920 150
21.3552382 1920 150
21.3624311 1920 150
21.3696013 1920 150
21.3767850 1920 150
21.3840072 1920 150
21.3911888 1920 150
21.3983899 1920 150
21.4055711 1920 150
21.4127562 1921 150
21.4199670 1921 150
21.4271787 1921 150
21.4343581 1921 150
21.4415596 1921 150
21.4487585 1921 150
21.4559610 1921 150
21.4631494 1921 150
21.4703591 1921 150
21.4775684 1921 150
21.4847624 1921 150
21.4919778 1921 150
21.4991642 1921 150
21.5063707 1921 150
21.5135625 1921 150
21.5207536 1921 150
21.5279357 1921 150
21.5351357 1921 150
21.5423322 1921 150
21.5495237 1921 150
21.5567492 1921 150
21.5639537 1921 150
21.5711620 1921 150
21.5783765 1921 150
21.5855818 1921 150
21.5927605 1921 150
21.5999597 1921 150
21.6071526 1921 150
21.6143576 1921 150
21.6215749 1921 150
21.6287602 1921 150
21.6359699 1955 150
21.6432030 1955 150
21.6504123 1955 150
21.6575988 1955 150
21.6647874 1956 150
21.6719982 1956 150
21.6791988 1956 150
21.6864118 1956 150
21.6936173 1956 150
21.7008284 1956 150
21.7080178 1956 150
21.7152185 1956 150
21.7224411 1956 150
21.7296245 1956 150
21.7368236 1956 150
21.7440167 1956 150
21.7512035 1956 150
21.7583876 1956 150
21.7655877 1956 150
21.7727925 1956 150
21.7800018 1956 150
21.7872158 1956 150
21.7944148 1956 150
21.8015797 1956 150
21.8087732 1956 150
21.8159511 1956 150
21.8231524 1956 150
21.8303463 1956 150
21.8375429 1956 150
21.8447431 1956 150
21.8519495 1956 150
21.8591543 1956 150
21.8663631 1956 150
21.8735899 1956 150
21.8808060 1956 150
21.8879949 1956 150
21.8952039 1956 150
21.9023790 1956 150
21.9095853 1956 150
21.9167667 1957 150
21.9239539 1957 150
21.9311354 1957 150
21.9383119 1957 150
21.9455116 1957 150
21.9527127 1957 150
21.9599049 1957 150
21.9671004 1957 150
21.9743306 1957 150
21.9815267 1957 150
21.9887167 1957 150
21.9958893 1957 150
22.0030820 1957 150
22.0102960 1957 150
22.0174942 1957 150
22.0246873 1957 150
22.0318904 1957 150
22.0390837 1957 150
22.0462929 1957 150
22.0535046 1957 150
22.0606883 1957 150
22.0678874 1957 150
22.0750945 1957 150
22.0822892 1957 150
22.0894875 1957 150
22.0967086 1957 150
22.1038910 1957 150
22.1110814 1957 150
22.1182743 1957 150
22.1254834 1957 150
22.1326806 1957 150
22.1398856 1957 150
22.1470890 1957 150
22.1542838 1957 150
22.1614901 1958 150
22.1687153 1958 150
22.1759271 1958 150
22.1831344 1958 150
22.1903153 1958 150
22.1975173 1958 150
22.2046951 1958 150
22.2119069 1958 150
22.2190879 1958 150
22.2262781 1958 150
22.2334768 1958 150
22.2406809 1958 150
22.2478717 1958 150
22.2550813 1958 150
22.2622768 1958 150
22.2694537 1958 150
22.2766604 1958 150
22.2838756 1958 150
22.2910794 1958 150
22.2983014 1958 150
22.3054860 1958 150
22.3126797 1958 150
22.3198902 1958 150
22.3270885 1958 150
22.3342912 1958 150
22.3414971 1958 150
22.3487260 1958 150
22.3559134 1958 150
22.3631009 1958 150
22.3703138 1958 150
22.3775004 1958 150
22.3846899 1958 150
22.3918848 1958 150
22.3990927 1958 150
22.4062796 1958 150
22.4134926 1959 150
22.4206947 1959 150
22.4279001 1959 150
22.4351090 1959 150
22.4423100 1959 150
22.4495107 1959 150
22.4567173 1959 150
22.4639260 1959 150
22.4711339 1959 150
22.4783321 1959 150
22.4855272 1959 150
22.4927432 1959 150
22.4999363 1959 150
22.5071371 1959 150
22.5143267 1959 150
22.5215231 1959 150
22.5287396 1959 150
22.5359387 1959 150
22.5431485 1959 150
22.5503485 1959 150
22.5575517 1959 150
22.5647459 1959 150
22.5719573 1959 150
22.5791713 1959 150
22.5863714 1959 150
22.5935961 1959 150
22.6008293 1959 150
22.6080286 1959 150
22.6152461 1959 150
22.6224337 1959 150
22.6296428 1959 150
22.6368420 1959 150
22.6440413 1959 150
22.6512057 1959 150
22.6584016 1959 150
22.6656042 1960 150
22.6728164 1960 150
22.6800192 1960 150
22.6872153 1960 150
22.6944146 1960 150
22.7016047 1960 150
22.7088130 1960 150
22.7159965 1960 150
22.7232113 1960 150
22.7303936 1960 150
22.7375771 1960 150
22.7447822 1960 150
22.7519970 1960 150
22.7591772 1960 150
22.7663816 1960 150
22.7735731 1960 150
22.7807807 1960 150
22.7879638 1960 150
22.7951623 1960 150
22.8023662 1960 150
22.8095738 1960 150
22.8167811 1960 150
22.8239692 1960 150
22.8311816 1960 150
22.8383865 1960 150
22.8455930 1960 150
22.8528108 1960 150
22.8600185 1960 150
22.8672204 1960 150
22.8743954 1960 150
22.8815966 1960 150
22.8887844 1960 150
22.8959957 1960 150
22.9031996 1960 150
22.9104044 1960 150
22.9175928 1961 150
22.9248069 1961 150
22.9319970 1961 150
22.9392132 1961 150
22.9464183 1961 150
22.9536369 1961 150
22.9608216 1961 150
22.9680207 1961 150
22.9752030 1961 150
22.9824129 1961 150
22.9896460 1961 150
22.9968658 1961 150
23.0040619 1961 150
23.0112706 1961 150
23.0184697 1961 150
23.0256576 1961 150
23.0328500 1961 150
23.0400324 1961 150
23.0472486 1961 150
23.0544758 1961 150
23.0616886 1961 150
23.0688998 1961 150
23.0761106 1961 150
23.0833002 1961 150
23.0904765 1961 150
23.0976859 1961 150
23.1048746 1961 150
23.1120675 1961 150
23.1192632 1961 150
23.1264554 1961 150
23.1336506 1961 150
23.1408575 1961 150
23.1480576 1961 150
23.1552789 1961 150
23.1624935 1962 150
23.1696969 1962 150
23.1768762 1962 150
23.1840635 1962 150
23.1912650 1962 150
23.1984480 1962 150
23.2056291 1962 150
23.2128089 1962 150
23.2200111 1962 150
23.2272046 1962 150
23.2343968 1962 150
23.2415929 1962 150
23.2487693 1962 150
23.2559648 1962 150
23.2631732 1962 150
23.2703604 1962 150
23.2775820 1962 150
23.2847886 1962 150
23.2920100 1962 150
23.2991886 1962 150
23.3064043 1962 150
23.3136050 1962 150
23.3208019 1962 150
23.3280087 1962 150
23.3352148 1962 150
23.3424159 1962 150
23.3496047 1962 150
23.3568004 1962 150
23.3640102 1962 150
23.3712123 1962 150
23.3784129 1962 150
23.3856307 1962 150
23.3928445 1962 150
23.4000412 1962 150
23.4072657 1962 150
23.4144731 1963 150
23.4217004 1963 150
23.4288999 1963 150
23.4360836 1963 150
23.4432869 1963 150
23.4504943 1963 150
23.4576848 1963 150
23.4648964 1963 150
23.4721147 1963 150
23.4792894 1963 150
23.4864619 1963 150
23.4936811 1963 150
23.5008786 1963 150
23.5080734 1963 150
23.5152857 1963 150
23.5224679 1963 150
23.5296618 1963 150
23.5368799 1963 150
23.5440720 1963 150
23.5512922 1963 150
23.5584817 1963 150
23.5656899 1963 150
23.5728850 1963 150
23.5800883 1963 150
23.5872729 1963 150
23.5944773 1963 150
23.6016879 1963 150
23.6088870 1963 150
23.6160897 1963 150
23.6232972 1963 150
23.6304879 1963 150
23.6377034 1963 150
23.6448962 1963 150
23.6520744 1963 150
23.6592802 1963 150
23.6664855 1964 150
23.6736915 1964 150
23.6808897 1964 150
23.6880808 1964 150
23.6952836 1964 150
23.7024921 1964 150
23.7096772 1964 150
23.7168712 1964 150
23.7240685 1964 150
23.7312536 1964 150
23.7384442 1964 150
23.7456404 1964 150
23.7528447 1964 150
23.7600425 1964 150
23.7672512 1964 150
23.7744770 1964 150
23.7816765 1964 150
23.7888871 1964 150
23.7960863 1964 150
23.8032937 1964 150
23.8105003 1964 150
23.8177115 1964 150
23.8249180 1964 150
23.8321212 1964 150
23.8393171 1964 150
23.8465265 1964 150
23.8537209 1964 150
23.8609323 1964 150
23.8681101 1964 150
23.8753130 1964 150
23.8825157 1964 150
23.8897045 1964 150
23.8969078 1964 150
23.9040817 1964 150
23.9112722 1964 150
23.9184654 1965 150
23.9256687 1965 150
23.9328895 1965 150
23.9401074 1965 150
23.9473077 1965 150
23.9545132 1965 150
23.9617214 1965 150
23.9689163 1965 150
23.9761084 1965 150
23.9833010 1965 150
23.9905098 1965 150
23.9977240 1965 150
24.0000000 1965 150
